WebQTest-0	(0, 0.0, 0.0)	0
WebQTest-1	(0, 0.0, 0.0)	0
WebQTest-3	(0, 0.0, 0.0)	0
WebQTest-6	(0, 0.0, 0.0)	0
WebQTest-7	(0, 0.0, 0.0)	0
WebQTest-8	(0, 0.0, 0.0)	0
WebQTest-9	(0, 0.0, 0.0)	0
WebQTest-12	(0, 0.0, 0.0)	0
WebQTest-13	(0, 0.0, 0.0)	0
WebQTest-14	(0.6666666666666666, 1.0, 0.5)	1
WebQTest-16	(1.0, 1.0, 1.0)	1
WebQTest-19	(1.0, 1.0, 1.0)	1
WebQTest-20	(0, 0.0, 0.0)	0
WebQTest-21	(0, 0.0, 0.0)	0
WebQTest-22	(0, 0.0, 0.0)	0
WebQTest-23	(0.6666666666666666, 0.5, 1.0)	1
WebQTest-24	(0, 0.0, 0.0)	0
WebQTest-26	(0, 0.0, 0.0)	0
WebQTest-28	(0, 0.0, 0.0)	0
WebQTest-31	(0, 0.0, 0.0)	0
WebQTest-32	(0.5, 0.3333333333333333, 1.0)	1
WebQTest-33	(0, 0.0, 0.0)	0
WebQTest-34	(0, 0.0, 0.0)	0
WebQTest-35	(0.6666666666666666, 0.5, 1.0)	1
WebQTest-36	(0, 0.0, 0.0)	0
WebQTest-37	(1.0, 1.0, 1.0)	1
WebQTest-38	(0.3333333333333333, 0.5, 0.25)	1
WebQTest-39	(0, 0.0, 0.0)	0
WebQTest-41	(0.6666666666666666, 0.5, 1.0)	1
WebQTest-42	(0, 0.0, 0.0)	0
WebQTest-43	(1.0, 1.0, 1.0)	1
WebQTest-44	(0, 0.0, 0.0)	0
WebQTest-45	(0, 0.0, 0.0)	0
WebQTest-46	(0, 0.0, 0.0)	0
WebQTest-47	(1.0, 1.0, 1.0)	1
WebQTest-48	(0, 0.0, 0.0)	0
WebQTest-49	(0, 0.0, 0.0)	0
WebQTest-51	(0, 0.0, 0.0)	0
WebQTest-52	(0, 0.0, 0.0)	0
WebQTest-54	(0, 0.0, 0.0)	0
WebQTest-55	(1.0, 1.0, 1.0)	1
WebQTest-56	(1.0, 1.0, 1.0)	1
WebQTest-58	(0, 0.0, 0.0)	0
WebQTest-59	(0, 0.0, 0.0)	0
WebQTest-60	(1.0, 1.0, 1.0)	1
WebQTest-61	(0, 0.0, 0.0)	0
WebQTest-62	(0, 0.0, 0.0)	0
WebQTest-63	(0, 0.0, 0.0)	0
WebQTest-64	(0.6457142857142857, 12.555555555555555, 0.3313782991202346)	1
WebQTest-65	(0, 0.0, 0.0)	0
WebQTest-66	(1.0, 1.0, 1.0)	1
WebQTest-67	(0, 0.0, 0.0)	0
WebQTest-68	(0, 0.0, 0.0)	0
WebQTest-69	(0.5, 0.3333333333333333, 1.0)	1
WebQTest-71	(1.0, 1.0, 1.0)	1
WebQTest-72	(0.3870967741935484, 0.5, 0.3157894736842105)	1
WebQTest-73	(1.0, 1.0, 1.0)	1
WebQTest-74	(1.0, 1.0, 1.0)	1
WebQTest-75	(0, 0.0, 0.0)	0
WebQTest-76	(0.8607594936708861, 1.0303030303030303, 0.7391304347826086)	1
WebQTest-77	(0.6666666666666666, 0.5, 1.0)	1
WebQTest-78	(0, 0.0, 0.0)	0
WebQTest-79	(0, 0.0, 0.0)	0
WebQTest-80	(0, 0.0, 0.0)	0
WebQTest-82	(0.11764705882352941, 0.07142857142857142, 0.3333333333333333)	1
WebQTest-83	(0.75, 0.6666666666666666, 0.8571428571428571)	1
WebQTest-84	(1.0, 1.0, 1.0)	1
WebQTest-85	(0, 0.0, 0.0)	0
WebQTest-86	(1.0, 1.0, 1.0)	1
WebQTest-87	(0, 0.0, 0.0)	0
WebQTest-88	(0, 0.0, 0.0)	0
WebQTest-89	(0, 0.0, 0.0)	0
WebQTest-90	(0, 0.0, 0.0)	0
WebQTest-91	(0, 0.0, 0.0)	0
WebQTest-93	(0, 0.0, 0.0)	0
WebQTest-94	(0, 0.0, 0.0)	0
WebQTest-95	(0.012987012987012988, 1.0, 0.006535947712418301)	1
WebQTest-96	(0, 0.0, 0.0)	0
WebQTest-97	(0.52, 13.0, 0.2653061224489796)	1
WebQTest-98	(1.0, 1.0, 1.0)	1
WebQTest-99	(0, 0.0, 0.0)	0
WebQTest-100	(1.0, 1.0, 1.0)	1
WebQTest-102	(0, 0.0, 0.0)	0
WebQTest-103	(0, 0.0, 0.0)	0
WebQTest-104	(0, 0.0, 0.0)	0
WebQTest-105	(0, 0.0, 0.0)	0
WebQTest-106	(0, 0.0, 0.0)	0
WebQTest-107	(0, 0.0, 0.0)	0
WebQTest-108	(0.0896551724137931, 0.8666666666666667, 0.04727272727272727)	1
WebQTest-109	(0, 0.0, 0.0)	0
WebQTest-110	(0, 0.0, 0.0)	0
WebQTest-111	(0, 0.0, 0.0)	0
WebQTest-112	(0.5714285714285715, 0.6666666666666666, 0.5)	1
WebQTest-114	(0, 0.0, 0.0)	0
WebQTest-115	(0, 0.0, 0.0)	0
WebQTest-116	(0, 0.0, 0.0)	0
WebQTest-118	(0.36363636363636365, 0.5, 0.2857142857142857)	1
WebQTest-119	(0, 0.0, 0.0)	0
WebQTest-121	(0, 0.0, 0.0)	0
WebQTest-122	(0, 0.0, 0.0)	0
WebQTest-123	(0, 0.0, 0.0)	0
WebQTest-124	(0, 0.0, 0.0)	0
WebQTest-125	(0.9333333333333333, 1.0, 0.875)	1
WebQTest-126	(1.0, 1.0, 1.0)	1
WebQTest-127	(0, 0.0, 0.0)	0
WebQTest-128	(0, 0.0, 0.0)	0
WebQTest-129	(0.9090909090909091, 0.8333333333333334, 1.0)	1
WebQTest-131	(0, 0.0, 0.0)	0
WebQTest-132	(1.0, 1.0, 1.0)	1
WebQTest-133	(0, 0.0, 0.0)	0
WebQTest-134	(0, 0.0, 0.0)	0
WebQTest-138	(0, 0.0, 0.0)	0
WebQTest-139	(0, 0.0, 0.0)	0
WebQTest-141	(1.0, 1.0, 1.0)	1
WebQTest-142	(0, 0.0, 0.0)	0
WebQTest-145	(0, 0.0, 0.0)	0
WebQTest-146	(0, 0.0, 0.0)	0
WebQTest-147	(0, 0.0, 0.0)	0
WebQTest-149	(0, 0.0, 0.0)	0
WebQTest-150	(0, 0.0, 0.0)	0
WebQTest-153	(0, 0.0, 0.0)	0
WebQTest-154	(0.6666666666666666, 1.0, 0.5)	1
WebQTest-155	(0, 0.0, 0.0)	0
WebQTest-156	(1.0, 1.0, 1.0)	1
WebQTest-157	(0.6666666666666666, 1.0, 0.5)	1
WebQTest-159	(0, 0.0, 0.0)	0
WebQTest-160	(0, 0.0, 0.0)	0
WebQTest-161	(0, 0.0, 0.0)	0
WebQTest-162	(0.6666666666666665, 0.6, 0.75)	1
WebQTest-163	(0, 0.0, 0.0)	0
WebQTest-164	(0.888888888888889, 1.0, 0.8)	1
WebQTest-165	(0, 0.0, 0.0)	0
WebQTest-166	(0, 0.0, 0.0)	0
WebQTest-167	(0, 0.0, 0.0)	0
WebQTest-168	(0.3333333333333333, 0.4634146341463415, 0.2602739726027397)	1
WebQTest-169	(0.3333333333333333, 0.3333333333333333, 0.3333333333333333)	1
WebQTest-170	(0, 0.0, 0.0)	0
WebQTest-171	(0, 0.0, 0.0)	0
WebQTest-172	(0.25, 0.5, 0.16666666666666666)	1
WebQTest-173	(1.0, 1.0, 1.0)	1
WebQTest-174	(0, 0.0, 0.0)	0
WebQTest-175	(0, 0.0, 0.0)	0
WebQTest-176	(1.0, 1.0, 1.0)	1
WebQTest-177	(1.0, 1.0, 1.0)	1
WebQTest-178	(0, 0.0, 0.0)	0
WebQTest-179	(0.5, 0.6666666666666666, 0.4)	1
WebQTest-180	(0, 0.0, 0.0)	0
WebQTest-181	(1.0, 1.0, 1.0)	1
WebQTest-182	(0, 0.0, 0.0)	0
WebQTest-184	(0, 0.0, 0.0)	0
WebQTest-185	(1.0, 1.0, 1.0)	1
WebQTest-186	(0, 0.0, 0.0)	0
WebQTest-187	(0.5, 0.3333333333333333, 1.0)	1
WebQTest-188	(0, 0.0, 0.0)	0
WebQTest-189	(0, 0.0, 0.0)	0
WebQTest-190	(0.42857142857142855, 1.0, 0.2727272727272727)	1
WebQTest-191	(0, 0.0, 0.0)	0
WebQTest-193	(0, 0.0, 0.0)	0
WebQTest-194	(1.0, 1.0, 1.0)	1
WebQTest-195	(0, 0.0, 0.0)	0
WebQTest-196	(0, 0.0, 0.0)	0
WebQTest-197	(0.5714285714285715, 0.4, 1.0)	1
WebQTest-199	(0, 0.0, 0.0)	0
WebQTest-200	(0.8, 1.0, 0.6666666666666666)	1
WebQTest-201	(1.0, 1.0, 1.0)	1
WebQTest-202	(0, 0.0, 0.0)	0
WebQTest-204	(1.0, 1.0, 1.0)	1
WebQTest-205	(0, 0.0, 0.0)	0
WebQTest-206	(0.8, 1.0, 0.6666666666666666)	1
WebQTest-207	(0.8571428571428571, 0.75, 1.0)	1
WebQTest-209	(0, 0.0, 0.0)	0
WebQTest-210	(0, 0.0, 0.0)	0
WebQTest-211	(0.2285714285714286, 0.12903225806451613, 1.0)	1
WebQTest-212	(0.8, 0.6666666666666666, 1.0)	1
WebQTest-213	(0, 0.0, 0.0)	0
WebQTest-214	(0.3333333333333333, 0.3333333333333333, 0.3333333333333333)	1
WebQTest-215	(0, 0.0, 0.0)	0
WebQTest-216	(1.0, 1.0, 1.0)	1
WebQTest-217	(0, 0.0, 0.0)	0
WebQTest-218	(1.0, 1.0, 1.0)	1
WebQTest-220	(0, 0.0, 0.0)	0
WebQTest-221	(0, 0.0, 0.0)	0
WebQTest-222	(0.046511627906976744, 0.024390243902439025, 0.5)	1
WebQTest-224	(0, 0.0, 0.0)	0
WebQTest-225	(1.0, 1.0, 1.0)	1
WebQTest-226	(1.0, 1.0, 1.0)	1
WebQTest-227	(1.0, 1.0, 1.0)	1
WebQTest-231	(0, 0.0, 0.0)	0
WebQTest-232	(0.5714285714285713, 0.9333333333333333, 0.4117647058823529)	1
WebQTest-233	(0, 0.0, 0.0)	0
WebQTest-234	(0.6666666666666666, 0.5, 1.0)	1
WebQTest-235	(0.15384615384615385, 0.2, 0.125)	1
WebQTest-237	(1.0, 1.0, 1.0)	1
WebQTest-239	(1.0, 1.0, 1.0)	1
WebQTest-240	(0.25, 0.3333333333333333, 0.2)	1
WebQTest-241	(0, 0.0, 0.0)	0
WebQTest-243	(0, 0.0, 0.0)	0
WebQTest-245	(0, 0.0, 0.0)	0
WebQTest-246	(0, 0.0, 0.0)	0
WebQTest-247	(1.0, 1.0, 1.0)	1
WebQTest-248	(1.0, 1.0, 1.0)	1
WebQTest-249	(0, 0.0, 0.0)	0
WebQTest-250	(0, 0.0, 0.0)	0
WebQTest-251	(1.0, 1.0, 1.0)	1
WebQTest-252	(0, 0.0, 0.0)	0
WebQTest-253	(0, 0.0, 0.0)	0
WebQTest-254	(0.8333333333333333, 1.0, 0.7142857142857143)	1
WebQTest-255	(0, 0.0, 0.0)	0
WebQTest-256	(0, 0.0, 0.0)	0
WebQTest-257	(0, 0.0, 0.0)	0
WebQTest-258	(0, 0.0, 0.0)	0
WebQTest-260	(1.0, 1.0, 1.0)	1
WebQTest-261	(1.0, 1.0, 1.0)	1
WebQTest-262	(0, 0.0, 0.0)	0
WebQTest-264	(1.0, 1.0, 1.0)	1
WebQTest-265	(0, 0.0, 0.0)	0
WebQTest-266	(0, 0.0, 0.0)	0
WebQTest-267	(0, 0.0, 0.0)	0
WebQTest-268	(0, 0.0, 0.0)	0
WebQTest-269	(1.0, 1.0, 1.0)	1
WebQTest-270	(0.5, 1.0, 0.3333333333333333)	1
WebQTest-271	(0, 0.0, 0.0)	0
WebQTest-273	(0, 0.0, 0.0)	0
WebQTest-276	(1.0, 1.0, 1.0)	1
WebQTest-277	(0, 0.0, 0.0)	0
WebQTest-278	(0, 0.0, 0.0)	0
WebQTest-279	(0, 0.0, 0.0)	0
WebQTest-281	(0, 0.0, 0.0)	0
WebQTest-282	(0.5925925925925927, 0.6153846153846154, 0.5714285714285714)	1
WebQTest-284	(1.0, 1.0, 1.0)	1
WebQTest-286	(0, 0.0, 0.0)	0
WebQTest-287	(0, 0.0, 0.0)	0
WebQTest-289	(0, 0.0, 0.0)	0
WebQTest-291	(0, 0.0, 0.0)	0
WebQTest-294	(1.0, 1.0, 1.0)	1
WebQTest-295	(0.6666666666666666, 1.0, 0.5)	1
WebQTest-296	(1.0, 1.0, 1.0)	1
WebQTest-297	(0.6666666666666666, 0.5, 1.0)	1
WebQTest-298	(0, 0.0, 0.0)	0
WebQTest-300	(0.4615384615384615, 0.375, 0.6)	1
WebQTest-301	(1.0, 1.0, 1.0)	1
WebQTest-302	(1.0, 1.0, 1.0)	1
WebQTest-303	(0, 0.0, 0.0)	0
WebQTest-304	(0, 0.0, 0.0)	0
WebQTest-305	(0, 0.0, 0.0)	0
WebQTest-306	(0, 0.0, 0.0)	0
WebQTest-308	(0, 0.0, 0.0)	0
WebQTest-310	(1.0, 1.0, 1.0)	1
WebQTest-311	(0, 0.0, 0.0)	0
WebQTest-312	(0, 0.0, 0.0)	0
WebQTest-313	(0, 0.0, 0.0)	0
WebQTest-314	(1.0, 1.0, 1.0)	1
WebQTest-315	(0.6666666666666666, 0.5, 1.0)	1
WebQTest-316	(0.9090909090909091, 0.8333333333333334, 1.0)	1
WebQTest-317	(0, 0.0, 0.0)	0
WebQTest-318	(1.0, 1.0, 1.0)	1
WebQTest-321	(0, 0.0, 0.0)	0
WebQTest-322	(0, 0.0, 0.0)	0
WebQTest-323	(0.06451612903225806, 0.5, 0.034482758620689655)	1
WebQTest-326	(1.0, 1.0, 1.0)	1
WebQTest-327	(1.2, 1.5, 1.0)	1
WebQTest-328	(0, 0.0, 0.0)	0
WebQTest-329	(0, 0.0, 0.0)	0
WebQTest-331	(0.5, 0.5, 0.5)	1
WebQTest-333	(0, 0.0, 0.0)	0
WebQTest-334	(0, 0.0, 0.0)	0
WebQTest-335	(0, 0.0, 0.0)	0
WebQTest-336	(1.0, 1.0, 1.0)	1
WebQTest-337	(0, 0.0, 0.0)	0
WebQTest-338	(1.0, 1.0, 1.0)	1
WebQTest-339	(0, 0.0, 0.0)	0
WebQTest-340	(0, 0.0, 0.0)	0
WebQTest-341	(0.19999999999999998, 0.11428571428571428, 0.8)	1
WebQTest-342	(0, 0.0, 0.0)	0
WebQTest-343	(0, 0.0, 0.0)	0
WebQTest-344	(0, 0.0, 0.0)	0
WebQTest-346	(0, 0.0, 0.0)	0
WebQTest-347	(0.6, 0.631578947368421, 0.5714285714285714)	1
WebQTest-349	(0, 0.0, 0.0)	0
WebQTest-351	(0, 0.0, 0.0)	0
WebQTest-352	(0, 0.0, 0.0)	0
WebQTest-354	(0, 0.0, 0.0)	0
WebQTest-356	(0, 0.0, 0.0)	0
WebQTest-359	(0, 0.0, 0.0)	0
WebQTest-360	(0, 0.0, 0.0)	0
WebQTest-361	(0.4489795918367347, 0.55, 0.3793103448275862)	1
WebQTest-362	(0.45, 1.125, 0.28125)	1
WebQTest-365	(0, 0.0, 0.0)	0
WebQTest-366	(0, 0.0, 0.0)	0
WebQTest-367	(0.8571428571428571, 1.0, 0.75)	1
WebQTest-370	(0, 0.0, 0.0)	0
WebQTest-371	(0, 0.0, 0.0)	0
WebQTest-374	(0, 0.0, 0.0)	0
WebQTest-375	(0, 0.0, 0.0)	0
WebQTest-376	(0.5263157894736842, 9.404761904761905, 0.2707333790267306)	1
WebQTest-377	(0, 0.0, 0.0)	0
WebQTest-379	(0, 0.0, 0.0)	0
WebQTest-380	(0, 0.0, 0.0)	0
WebQTest-381	(0, 0.0, 0.0)	0
WebQTest-382	(0.857142857142857, 1.5, 0.6)	1
WebQTest-383	(0, 0.0, 0.0)	0
WebQTest-384	(0.1212121212121212, 0.06896551724137931, 0.5)	1
WebQTest-385	(0, 0.0, 0.0)	0
WebQTest-386	(0, 0.0, 0.0)	0
WebQTest-388	(0, 0.0, 0.0)	0
WebQTest-389	(1.0769230769230769, 1.1666666666666667, 1.0)	1
WebQTest-390	(0, 0.0, 0.0)	0
WebQTest-392	(0, 0.0, 0.0)	0
WebQTest-393	(0, 0.0, 0.0)	0
WebQTest-395	(0, 0.0, 0.0)	0
WebQTest-396	(0, 0.0, 0.0)	0
WebQTest-397	(1.0, 1.0, 1.0)	1
WebQTest-398	(0.8, 1.0, 0.6666666666666666)	1
WebQTest-399	(0, 0.0, 0.0)	0
WebQTest-400	(1.0, 1.0, 1.0)	1
WebQTest-401	(0, 0.0, 0.0)	0
WebQTest-402	(0.6666666666666666, 0.5, 1.0)	1
WebQTest-403	(0, 0.0, 0.0)	0
WebQTest-404	(0, 0.0, 0.0)	0
WebQTest-405	(0.7499999999999999, 1.0, 0.6)	1
WebQTest-406	(0, 0.0, 0.0)	0
WebQTest-408	(0, 0.0, 0.0)	0
WebQTest-409	(0, 0.0, 0.0)	0
WebQTest-410	(0.07999999999999999, 0.041666666666666664, 1.0)	1
WebQTest-414	(0, 0.0, 0.0)	0
WebQTest-415	(0, 0.0, 0.0)	0
WebQTest-416	(1.0, 1.0, 1.0)	1
WebQTest-417	(0, 0.0, 0.0)	0
WebQTest-418	(0, 0.0, 0.0)	0
WebQTest-419	(1.0, 1.0, 1.0)	1
WebQTest-420	(0.6666666666666666, 0.6666666666666666, 0.6666666666666666)	1
WebQTest-421	(0, 0.0, 0.0)	0
WebQTest-422	(0.05405405405405405, 0.5, 0.02857142857142857)	1
WebQTest-423	(0.5, 0.3333333333333333, 1.0)	1
WebQTest-425	(0.020408163265306124, 0.09090909090909091, 0.011494252873563218)	1
WebQTest-426	(0.4, 0.3333333333333333, 0.5)	1
WebQTest-427	(0, 0.0, 0.0)	0
WebQTest-428	(0.72, 1.0, 0.5625)	1
WebQTest-430	(0, 0.0, 0.0)	0
WebQTest-431	(0, 0.0, 0.0)	0
WebQTest-432	(0, 0.0, 0.0)	0
WebQTest-433	(0, 0.0, 0.0)	0
WebQTest-434	(1.0, 1.0, 1.0)	1
WebQTest-436	(0, 0.0, 0.0)	0
WebQTest-437	(0, 0.0, 0.0)	0
WebQTest-438	(0, 0.0, 0.0)	0
WebQTest-439	(0, 0.0, 0.0)	0
WebQTest-440	(0.6666666666666666, 1.0, 0.5)	1
WebQTest-441	(0, 0.0, 0.0)	0
WebQTest-442	(1.0, 1.0, 1.0)	1
WebQTest-443	(0, 0.0, 0.0)	0
WebQTest-446	(0, 0.0, 0.0)	0
WebQTest-447	(0.6540540540540541, 5.260869565217392, 0.34870317002881845)	1
WebQTest-448	(1.0, 1.0, 1.0)	1
WebQTest-449	(0.9090909090909091, 0.9375, 0.8823529411764706)	1
WebQTest-450	(0, 0.0, 0.0)	0
WebQTest-451	(0, 0.0, 0.0)	0
WebQTest-453	(0, 0.0, 0.0)	0
WebQTest-454	(0, 0.0, 0.0)	0
WebQTest-455	(0, 0.0, 0.0)	0
WebQTest-456	(0.5, 0.3333333333333333, 1.0)	1
WebQTest-459	(0.5, 0.3333333333333333, 1.0)	1
WebQTest-461	(0, 0.0, 0.0)	0
WebQTest-462	(0, 0.0, 0.0)	0
WebQTest-463	(0, 0.0, 0.0)	0
WebQTest-464	(1.0, 1.0, 1.0)	1
WebQTest-465	(0.5454545454545454, 0.375, 1.0)	1
WebQTest-466	(0.4, 0.5, 0.3333333333333333)	1
WebQTest-467	(0.6666666666666666, 0.5, 1.0)	1
WebQTest-468	(0, 0.0, 0.0)	0
WebQTest-469	(0.6666666666666666, 1.0, 0.5)	1
WebQTest-470	(1.0, 1.0, 1.0)	1
WebQTest-472	(0, 0.0, 0.0)	0
WebQTest-473	(0, 0.0, 0.0)	0
WebQTest-474	(0.4, 0.25, 1.0)	1
WebQTest-477	(0.5, 1.0, 0.3333333333333333)	1
WebQTest-479	(0, 0.0, 0.0)	0
WebQTest-480	(1.0, 1.0, 1.0)	1
WebQTest-481	(1.0, 1.0, 1.0)	1
WebQTest-482	(0, 0.0, 0.0)	0
WebQTest-484	(0, 0.0, 0.0)	0
WebQTest-487	(0, 0.0, 0.0)	0
WebQTest-488	(0, 0.0, 0.0)	0
WebQTest-489	(0, 0.0, 0.0)	0
WebQTest-490	(0, 0.0, 0.0)	0
WebQTest-491	(0, 0.0, 0.0)	0
WebQTest-492	(0, 0.0, 0.0)	0
WebQTest-493	(0.4, 0.5, 0.3333333333333333)	1
WebQTest-497	(0, 0.0, 0.0)	0
WebQTest-500	(1.0, 1.0, 1.0)	1
WebQTest-501	(0, 0.0, 0.0)	0
WebQTest-502	(0, 0.0, 0.0)	0
WebQTest-503	(0.25, 0.25, 0.25)	1
WebQTest-504	(0.6666666666666666, 0.5, 1.0)	1
WebQTest-506	(1.0, 1.0, 1.0)	1
WebQTest-508	(1.0, 1.0, 1.0)	1
WebQTest-509	(1.0, 1.0, 1.0)	1
WebQTest-512	(0.8571428571428571, 1.0, 0.75)	1
WebQTest-513	(0, 0.0, 0.0)	0
WebQTest-514	(0.21052631578947367, 0.11764705882352941, 1.0)	1
WebQTest-515	(0, 0.0, 0.0)	0
WebQTest-516	(1.0, 1.0, 1.0)	1
WebQTest-517	(0.12121212121212122, 1.0, 0.06451612903225806)	1
WebQTest-518	(1.0, 1.0, 1.0)	1
WebQTest-519	(0, 0.0, 0.0)	0
WebQTest-521	(0, 0.0, 0.0)	0
WebQTest-522	(1.0, 1.0, 1.0)	1
WebQTest-523	(0.16666666666666669, 0.09090909090909091, 1.0)	1
WebQTest-524	(0, 0.0, 0.0)	0
WebQTest-525	(0, 0.0, 0.0)	0
WebQTest-526	(0.2222222222222222, 0.3333333333333333, 0.16666666666666666)	1
WebQTest-527	(0.1818181818181818, 0.16666666666666666, 0.2)	1
WebQTest-528	(0, 0.0, 0.0)	0
WebQTest-529	(0, 0.0, 0.0)	0
WebQTest-530	(0, 0.0, 0.0)	0
WebQTest-531	(1.0, 1.0, 1.0)	1
WebQTest-532	(0, 0.0, 0.0)	0
WebQTest-533	(0.30769230769230765, 0.5, 0.2222222222222222)	1
WebQTest-534	(1.0, 1.0, 1.0)	1
WebQTest-535	(0, 0.0, 0.0)	0
WebQTest-537	(0, 0.0, 0.0)	0
WebQTest-538	(0, 0.0, 0.0)	0
WebQTest-540	(0, 0.0, 0.0)	0
WebQTest-542	(0, 0.0, 0.0)	0
WebQTest-543	(0, 0.0, 0.0)	0
WebQTest-545	(0, 0.0, 0.0)	0
WebQTest-546	(1.0, 1.0, 1.0)	1
WebQTest-547	(1.0, 1.0, 1.0)	1
WebQTest-548	(0, 0.0, 0.0)	0
WebQTest-549	(0, 0.0, 0.0)	0
WebQTest-550	(0.6666666666666666, 1.0, 0.5)	1
WebQTest-552	(0, 0.0, 0.0)	0
WebQTest-554	(1.0, 1.0, 1.0)	1
WebQTest-555	(0, 0.0, 0.0)	0
WebQTest-556	(1.0, 1.0, 1.0)	1
WebQTest-557	(0, 0.0, 0.0)	0
WebQTest-559	(0, 0.0, 0.0)	0
WebQTest-560	(0, 0.0, 0.0)	0
WebQTest-561	(0, 0.0, 0.0)	0
WebQTest-562	(1.0, 1.0, 1.0)	1
WebQTest-564	(0, 0.0, 0.0)	0
WebQTest-567	(0, 0.0, 0.0)	0
WebQTest-568	(0, 0.0, 0.0)	0
WebQTest-570	(0.7499999999999999, 0.6, 1.0)	1
WebQTest-572	(1.0, 1.0, 1.0)	1
WebQTest-573	(0, 0.0, 0.0)	0
WebQTest-575	(0, 0.0, 0.0)	0
WebQTest-576	(0.8571428571428571, 0.8571428571428571, 0.8571428571428571)	1
WebQTest-577	(0, 0.0, 0.0)	0
WebQTest-578	(0, 0.0, 0.0)	0
WebQTest-579	(0, 0.0, 0.0)	0
WebQTest-580	(0.923076923076923, 1.0, 0.8571428571428571)	1
WebQTest-581	(1.0, 1.0, 1.0)	1
WebQTest-582	(0.7499999999999999, 1.0, 0.6)	1
WebQTest-583	(0, 0.0, 0.0)	0
WebQTest-584	(0, 0.0, 0.0)	0
WebQTest-585	(0.33333333333333337, 0.2, 1.0)	1
WebQTest-586	(0, 0.0, 0.0)	0
WebQTest-588	(0.04347826086956522, 0.5, 0.022727272727272728)	1
WebQTest-589	(0, 0.0, 0.0)	0
WebQTest-590	(0, 0.0, 0.0)	0
WebQTest-592	(0, 0.0, 0.0)	0
WebQTest-593	(0.6666666666666666, 0.5, 1.0)	1
WebQTest-595	(0, 0.0, 0.0)	0
WebQTest-596	(0.6666666666666666, 0.5, 1.0)	1
WebQTest-597	(1.0, 1.0, 1.0)	1
WebQTest-599	(0, 0.0, 0.0)	0
WebQTest-600	(0.6666666666666666, 0.5, 1.0)	1
WebQTest-602	(0, 0.0, 0.0)	0
WebQTest-603	(0, 0.0, 0.0)	0
WebQTest-604	(1.0, 1.0, 1.0)	1
WebQTest-605	(0, 0.0, 0.0)	0
WebQTest-606	(0, 0.0, 0.0)	0
WebQTest-608	(0, 0.0, 0.0)	0
WebQTest-609	(0, 0.0, 0.0)	0
WebQTest-611	(1.0, 1.0, 1.0)	1
WebQTest-612	(0, 0.0, 0.0)	0
WebQTest-613	(0, 0.0, 0.0)	0
WebQTest-614	(0, 0.0, 0.0)	0
WebQTest-615	(0, 0.0, 0.0)	0
WebQTest-616	(0, 0.0, 0.0)	0
WebQTest-617	(0, 0.0, 0.0)	0
WebQTest-618	(0, 0.0, 0.0)	0
WebQTest-619	(0, 0.0, 0.0)	0
WebQTest-620	(0, 0.0, 0.0)	0
WebQTest-621	(0.75, 0.6666666666666666, 0.8571428571428571)	1
WebQTest-622	(0, 0.0, 0.0)	0
WebQTest-624	(0.6666666666666666, 0.5, 1.0)	1
WebQTest-626	(0.10526315789473685, 0.08333333333333333, 0.14285714285714285)	1
WebQTest-627	(0.6666666666666666, 0.5, 1.0)	1
WebQTest-628	(0, 0.0, 0.0)	0
WebQTest-629	(0, 0.0, 0.0)	0
WebQTest-630	(0, 0.0, 0.0)	0
WebQTest-631	(0, 0.0, 0.0)	0
WebQTest-633	(1.0, 1.0, 1.0)	1
WebQTest-634	(0.4, 0.5, 0.3333333333333333)	1
WebQTest-635	(0.07692307692307693, 0.2, 0.047619047619047616)	1
WebQTest-636	(0, 0.0, 0.0)	0
WebQTest-637	(1.0, 1.0, 1.0)	1
WebQTest-638	(0, 0.0, 0.0)	0
WebQTest-639	(0, 0.0, 0.0)	0
WebQTest-640	(0.4444444444444445, 0.4, 0.5)	1
WebQTest-642	(0, 0.0, 0.0)	0
WebQTest-643	(0, 0.0, 0.0)	0
WebQTest-644	(0.017094017094017096, 1.0, 0.008620689655172414)	1
WebQTest-645	(0.8571428571428571, 0.75, 1.0)	1
WebQTest-646	(0, 0.0, 0.0)	0
WebQTest-648	(0.5, 0.3333333333333333, 1.0)	1
WebQTest-649	(0, 0.0, 0.0)	0
WebQTest-650	(0, 0.0, 0.0)	0
WebQTest-651	(1.0, 1.0, 1.0)	1
WebQTest-652	(0, 0.0, 0.0)	0
WebQTest-653	(0, 0.0, 0.0)	0
WebQTest-654	(1.0, 1.0, 1.0)	1
WebQTest-655	(0, 0.0, 0.0)	0
WebQTest-656	(0, 0.0, 0.0)	0
WebQTest-657	(0.6666666666666666, 0.5, 1.0)	1
WebQTest-658	(0, 0.0, 0.0)	0
WebQTest-659	(1.0, 2.0, 0.6666666666666666)	1
WebQTest-661	(0, 0.0, 0.0)	0
WebQTest-662	(1.0, 1.0, 1.0)	1
WebQTest-663	(0, 0.0, 0.0)	0
WebQTest-664	(0.13333333333333333, 0.1, 0.2)	1
WebQTest-665	(1.0, 1.0, 1.0)	1
WebQTest-666	(0.6666666666666666, 0.5, 1.0)	1
WebQTest-667	(0.6666666666666666, 0.5, 1.0)	1
WebQTest-668	(0, 0.0, 0.0)	0
WebQTest-669	(1.0, 1.0, 1.0)	1
WebQTest-670	(0, 0.0, 0.0)	0
WebQTest-671	(0, 0.0, 0.0)	0
WebQTest-672	(1.0, 1.0, 1.0)	1
WebQTest-673	(0, 0.0, 0.0)	0
WebQTest-675	(0, 0.0, 0.0)	0
WebQTest-676	(0.6666666666666666, 0.5, 1.0)	1
WebQTest-677	(0, 0.0, 0.0)	0
WebQTest-678	(0.5, 1.0, 0.3333333333333333)	1
WebQTest-680	(0, 0.0, 0.0)	0
WebQTest-681	(0, 0.0, 0.0)	0
WebQTest-683	(0, 0.0, 0.0)	0
WebQTest-684	(1.0, 1.0, 1.0)	1
WebQTest-685	(0, 0.0, 0.0)	0
WebQTest-686	(1.0, 1.0, 1.0)	1
WebQTest-688	(0, 0.0, 0.0)	0
WebQTest-689	(0, 0.0, 0.0)	0
WebQTest-690	(0, 0.0, 0.0)	0
WebQTest-691	(0, 0.0, 0.0)	0
WebQTest-693	(0, 0.0, 0.0)	0
WebQTest-694	(0, 0.0, 0.0)	0
WebQTest-695	(0, 0.0, 0.0)	0
WebQTest-696	(0, 0.0, 0.0)	0
WebQTest-698	(1.0, 1.0, 1.0)	1
WebQTest-699	(1.0, 1.0, 1.0)	1
WebQTest-700	(0, 0.0, 0.0)	0
WebQTest-701	(0, 0.0, 0.0)	0
WebQTest-702	(0, 0.0, 0.0)	0
WebQTest-703	(1.0, 1.0, 1.0)	1
WebQTest-704	(0.9090909090909091, 1.0, 0.8333333333333334)	1
WebQTest-706	(0, 0.0, 0.0)	0
WebQTest-707	(0, 0.0, 0.0)	0
WebQTest-708	(0, 0.0, 0.0)	0
WebQTest-709	(0, 0.0, 0.0)	0
WebQTest-710	(0, 0.0, 0.0)	0
WebQTest-711	(0, 0.0, 0.0)	0
WebQTest-712	(0.7301587301587301, 0.6388888888888888, 0.8518518518518519)	1
WebQTest-713	(1.0, 1.0, 1.0)	1
WebQTest-714	(1.0, 1.0, 1.0)	1
WebQTest-716	(0.4, 0.5, 0.3333333333333333)	1
WebQTest-717	(0, 0.0, 0.0)	0
WebQTest-718	(0, 0.0, 0.0)	0
WebQTest-719	(1.0, 1.0, 1.0)	1
WebQTest-721	(0, 0.0, 0.0)	0
WebQTest-723	(0, 0.0, 0.0)	0
WebQTest-724	(0, 0.0, 0.0)	0
WebQTest-725	(0.6666666666666666, 1.0, 0.5)	1
WebQTest-726	(0, 0.0, 0.0)	0
WebQTest-728	(0, 0.0, 0.0)	0
WebQTest-729	(0, 0.0, 0.0)	0
WebQTest-730	(0.4, 1.0, 0.25)	1
WebQTest-731	(0, 0.0, 0.0)	0
WebQTest-733	(1.0, 1.0, 1.0)	1
WebQTest-734	(0, 0.0, 0.0)	0
WebQTest-735	(1.0, 1.0, 1.0)	1
WebQTest-737	(0.6666666666666666, 1.0, 0.5)	1
WebQTest-738	(1.0, 1.0, 1.0)	1
WebQTest-739	(0.033271719038817, 0.2727272727272727, 0.017716535433070866)	1
WebQTest-740	(0, 0.0, 0.0)	0
WebQTest-741	(0, 0.0, 0.0)	0
WebQTest-742	(0.5, 0.3333333333333333, 1.0)	1
WebQTest-743	(0, 0.0, 0.0)	0
WebQTest-744	(0, 0.0, 0.0)	0
WebQTest-745	(0.5, 0.5, 0.5)	1
WebQTest-747	(0, 0.0, 0.0)	0
WebQTest-748	(0, 0.0, 0.0)	0
WebQTest-749	(0, 0.0, 0.0)	0
WebQTest-751	(0, 0.0, 0.0)	0
WebQTest-752	(1.0, 1.0, 1.0)	1
WebQTest-753	(1.0, 1.0, 1.0)	1
WebQTest-755	(1.0, 1.0, 1.0)	1
WebQTest-756	(1.0, 1.0, 1.0)	1
WebQTest-757	(0.5, 0.5, 0.5)	1
WebQTest-758	(1.0, 1.0, 1.0)	1
WebQTest-759	(0, 0.0, 0.0)	0
WebQTest-760	(1.0, 1.0, 1.0)	1
WebQTest-761	(0, 0.0, 0.0)	0
WebQTest-762	(0, 0.0, 0.0)	0
WebQTest-764	(0, 0.0, 0.0)	0
WebQTest-765	(0, 0.0, 0.0)	0
WebQTest-766	(1.0, 1.0, 1.0)	1
WebQTest-768	(0, 0.0, 0.0)	0
WebQTest-769	(0, 0.0, 0.0)	0
WebQTest-770	(0, 0.0, 0.0)	0
WebQTest-771	(0, 0.0, 0.0)	0
WebQTest-772	(0, 0.0, 0.0)	0
WebQTest-773	(0, 0.0, 0.0)	0
WebQTest-774	(1.0, 1.0, 1.0)	1
WebQTest-775	(0, 0.0, 0.0)	0
WebQTest-776	(0, 0.0, 0.0)	0
WebQTest-777	(0.6666666666666666, 0.5, 1.0)	1
WebQTest-778	(0, 0.0, 0.0)	0
WebQTest-779	(0, 0.0, 0.0)	0
WebQTest-780	(0, 0.0, 0.0)	0
WebQTest-782	(0.6666666666666666, 0.6666666666666666, 0.6666666666666666)	1
WebQTest-783	(0, 0.0, 0.0)	0
WebQTest-784	(0, 0.0, 0.0)	0
WebQTest-785	(0, 0.0, 0.0)	0
WebQTest-787	(0, 0.0, 0.0)	0
WebQTest-788	(0, 0.0, 0.0)	0
WebQTest-789	(1.0, 1.0, 1.0)	1
WebQTest-790	(0, 0.0, 0.0)	0
WebQTest-791	(0.6338797814207651, 2.761904761904762, 0.35802469135802467)	1
WebQTest-792	(0.6666666666666666, 0.5, 1.0)	0
WebQTest-794	(0.33333333333333337, 1.0, 0.2)	1
WebQTest-796	(1.0, 1.0, 1.0)	1
WebQTest-797	(0, 0.0, 0.0)	0
WebQTest-798	(0.875, 0.875, 0.875)	1
WebQTest-800	(0, 0.0, 0.0)	0
WebQTest-801	(1.0, 1.0, 1.0)	1
WebQTest-802	(0, 0.0, 0.0)	0
WebQTest-805	(0, 0.0, 0.0)	0
WebQTest-809	(0, 0.0, 0.0)	0
WebQTest-810	(0, 0.0, 0.0)	0
WebQTest-811	(0, 0.0, 0.0)	0
WebQTest-812	(0, 0.0, 0.0)	0
WebQTest-813	(0, 0.0, 0.0)	0
WebQTest-814	(0, 0.0, 0.0)	0
WebQTest-818	(0, 0.0, 0.0)	0
WebQTest-819	(0, 0.0, 0.0)	0
WebQTest-820	(0.6153846153846154, 0.8, 0.5)	1
WebQTest-821	(0, 0.0, 0.0)	0
WebQTest-822	(0, 0.0, 0.0)	0
WebQTest-823	(0.5714285714285715, 1.0, 0.4)	1
WebQTest-825	(0, 0.0, 0.0)	0
WebQTest-827	(1.0, 1.0, 1.0)	1
WebQTest-828	(0, 0.0, 0.0)	0
WebQTest-829	(0.19999999999999998, 0.1111111111111111, 1.0)	1
WebQTest-830	(0, 0.0, 0.0)	0
WebQTest-831	(0, 0.0, 0.0)	0
WebQTest-832	(0, 0.0, 0.0)	0
WebQTest-833	(0, 0.0, 0.0)	0
WebQTest-834	(0, 0.0, 0.0)	0
WebQTest-836	(0, 0.0, 0.0)	0
WebQTest-837	(0, 0.0, 0.0)	0
WebQTest-838	(0, 0.0, 0.0)	0
WebQTest-841	(1.0, 1.0, 1.0)	1
WebQTest-843	(0, 0.0, 0.0)	0
WebQTest-845	(0, 0.0, 0.0)	0
WebQTest-846	(0, 0.0, 0.0)	0
WebQTest-847	(0, 0.0, 0.0)	0
WebQTest-848	(0.6666666666666665, 0.6, 0.75)	1
WebQTest-849	(1.0, 1.0, 1.0)	1
WebQTest-850	(0, 0.0, 0.0)	0
WebQTest-851	(1.0, 1.0, 1.0)	1
WebQTest-852	(1.0, 1.0, 1.0)	1
WebQTest-855	(1.0, 1.0, 1.0)	1
WebQTest-856	(0, 0.0, 0.0)	0
WebQTest-857	(0.5714285714285715, 0.4, 1.0)	1
WebQTest-859	(0, 0.0, 0.0)	0
WebQTest-861	(0, 0.0, 0.0)	0
WebQTest-862	(1.0, 1.0, 1.0)	1
WebQTest-865	(0, 0.0, 0.0)	0
WebQTest-866	(0, 0.0, 0.0)	0
WebQTest-867	(0, 0.0, 0.0)	0
WebQTest-868	(0, 0.0, 0.0)	0
WebQTest-869	(0, 0.0, 0.0)	0
WebQTest-870	(1.3333333333333333, 2.0, 1.0)	1
WebQTest-872	(0, 0.0, 0.0)	0
WebQTest-873	(0, 0.0, 0.0)	0
WebQTest-874	(0.4, 1.0, 0.25)	1
WebQTest-875	(0, 0.0, 0.0)	0
WebQTest-876	(0, 0.0, 0.0)	0
WebQTest-877	(1.0, 1.0, 1.0)	1
WebQTest-878	(0.5, 1.0, 0.3333333333333333)	1
WebQTest-879	(0, 0.0, 0.0)	0
WebQTest-880	(0, 0.0, 0.0)	0
WebQTest-881	(0, 0.0, 0.0)	0
WebQTest-882	(0, 0.0, 0.0)	0
WebQTest-883	(0, 0.0, 0.0)	0
WebQTest-884	(0, 0.0, 0.0)	0
WebQTest-885	(1.0, 1.0, 1.0)	1
WebQTest-886	(0, 0.0, 0.0)	0
WebQTest-887	(0, 0.0, 0.0)	0
WebQTest-888	(1.0, 1.0, 1.0)	1
WebQTest-889	(1.0, 1.0, 1.0)	1
WebQTest-891	(0, 0.0, 0.0)	0
WebQTest-892	(0, 0.0, 0.0)	0
WebQTest-893	(0, 0.0, 0.0)	0
WebQTest-894	(0, 0.0, 0.0)	0
WebQTest-895	(0.6666666666666666, 0.5, 1.0)	1
WebQTest-896	(0, 0.0, 0.0)	0
WebQTest-898	(0, 0.0, 0.0)	0
WebQTest-899	(0.3333333333333333, 0.25, 0.5)	1
WebQTest-900	(1.0, 1.0, 1.0)	1
WebQTest-901	(0, 0.0, 0.0)	0
WebQTest-903	(0.7777777777777778, 1.0, 0.6363636363636364)	1
WebQTest-904	(1.0, 1.0, 1.0)	1
WebQTest-905	(0, 0.0, 0.0)	0
WebQTest-908	(0, 0.0, 0.0)	0
WebQTest-910	(0.6666666666666666, 0.5, 1.0)	0
WebQTest-911	(0, 0.0, 0.0)	0
WebQTest-912	(1.0, 1.0, 1.0)	1
WebQTest-914	(0.888888888888889, 0.8, 1.0)	1
WebQTest-915	(0, 0.0, 0.0)	0
WebQTest-916	(0, 0.0, 0.0)	0
WebQTest-918	(0, 0.0, 0.0)	0
WebQTest-919	(0.6666666666666666, 1.0, 0.5)	1
WebQTest-920	(0, 0.0, 0.0)	0
WebQTest-921	(0, 0.0, 0.0)	0
WebQTest-922	(0, 0.0, 0.0)	0
WebQTest-923	(1.0, 1.0, 1.0)	1
WebQTest-924	(0, 0.0, 0.0)	0
WebQTest-925	(1.0, 1.0, 1.0)	1
WebQTest-927	(0.28571428571428575, 0.5, 0.2)	1
WebQTest-928	(0, 0.0, 0.0)	0
WebQTest-929	(1.0, 1.0, 1.0)	1
WebQTest-931	(0, 0.0, 0.0)	0
WebQTest-932	(0, 0.0, 0.0)	0
WebQTest-933	(0, 0.0, 0.0)	0
WebQTest-935	(0, 0.0, 0.0)	0
WebQTest-936	(0.4615384615384615, 0.42857142857142855, 0.5)	1
WebQTest-937	(0.4615384615384615, 1.0, 0.3)	1
WebQTest-938	(0, 0.0, 0.0)	0
WebQTest-939	(0, 0.0, 0.0)	0
WebQTest-941	(0, 0.0, 0.0)	0
WebQTest-942	(0.5, 0.5, 0.5)	1
WebQTest-943	(1.0, 1.0, 1.0)	1
WebQTest-944	(0, 0.0, 0.0)	0
WebQTest-945	(0.4, 1.0, 0.25)	1
WebQTest-948	(0, 0.0, 0.0)	0
WebQTest-949	(0, 0.0, 0.0)	0
WebQTest-952	(0, 0.0, 0.0)	0
WebQTest-953	(0, 0.0, 0.0)	0
WebQTest-954	(0, 0.0, 0.0)	0
WebQTest-955	(0, 0.0, 0.0)	0
WebQTest-957	(1.0, 1.0, 1.0)	1
WebQTest-958	(0, 0.0, 0.0)	0
WebQTest-959	(0, 0.0, 0.0)	0
WebQTest-960	(0, 0.0, 0.0)	0
WebQTest-962	(1.0, 1.0, 1.0)	1
WebQTest-963	(0, 0.0, 0.0)	0
WebQTest-965	(0, 0.0, 0.0)	0
WebQTest-966	(0, 0.0, 0.0)	0
WebQTest-967	(0, 0.0, 0.0)	0
WebQTest-968	(0, 0.0, 0.0)	0
WebQTest-969	(0, 0.0, 0.0)	0
WebQTest-970	(0, 0.0, 0.0)	0
WebQTest-971	(0, 0.0, 0.0)	0
WebQTest-972	(0, 0.0, 0.0)	0
WebQTest-973	(1.0, 1.0, 1.0)	1
WebQTest-975	(0, 0.0, 0.0)	0
WebQTest-976	(1.0, 1.0, 1.0)	1
WebQTest-977	(0, 0.0, 0.0)	0
WebQTest-978	(0, 0.0, 0.0)	0
WebQTest-979	(1.0, 1.0, 1.0)	1
WebQTest-980	(0.4, 0.25, 1.0)	0
WebQTest-982	(0, 0.0, 0.0)	0
WebQTest-983	(0, 0.0, 0.0)	0
WebQTest-984	(0.5, 0.3333333333333333, 1.0)	1
WebQTest-985	(0, 0.0, 0.0)	0
WebQTest-986	(0, 0.0, 0.0)	0
WebQTest-987	(0, 0.0, 0.0)	0
WebQTest-988	(1.0, 1.0, 1.0)	1
WebQTest-989	(0.4, 0.3333333333333333, 0.5)	1
WebQTest-990	(0.6666666666666666, 0.5, 1.0)	1
WebQTest-991	(0, 0.0, 0.0)	0
WebQTest-993	(0, 0.0, 0.0)	0
WebQTest-994	(0.6666666666666666, 0.5, 1.0)	1
WebQTest-996	(1.0, 1.0, 1.0)	1
WebQTest-997	(0, 0.0, 0.0)	0
WebQTest-998	(0.6666666666666666, 0.5, 1.0)	1
WebQTest-999	(0, 0.0, 0.0)	0
WebQTest-1000	(0.6666666666666666, 0.6666666666666666, 0.6666666666666666)	1
WebQTest-1001	(0.6666666666666666, 0.5, 1.0)	1
WebQTest-1002	(0.3333333333333333, 0.5, 0.25)	1
WebQTest-1003	(0, 0.0, 0.0)	0
WebQTest-1004	(0, 0.0, 0.0)	0
WebQTest-1005	(0.6666666666666666, 0.5, 1.0)	1
WebQTest-1006	(0, 0.0, 0.0)	0
WebQTest-1007	(0, 0.0, 0.0)	0
WebQTest-1008	(1.0, 1.0, 1.0)	1
WebQTest-1009	(0, 0.0, 0.0)	0
WebQTest-1010	(0, 0.0, 0.0)	0
WebQTest-1011	(0.6666666666666666, 1.0, 0.5)	1
WebQTest-1012	(0, 0.0, 0.0)	0
WebQTest-1014	(0, 0.0, 0.0)	0
WebQTest-1015	(0.6666666666666666, 1.0, 0.5)	1
WebQTest-1017	(0, 0.0, 0.0)	0
WebQTest-1020	(0, 0.0, 0.0)	0
WebQTest-1021	(0, 0.0, 0.0)	0
WebQTest-1022	(0, 0.0, 0.0)	0
WebQTest-1024	(0.19999999999999998, 0.1111111111111111, 1.0)	1
WebQTest-1025	(0, 0.0, 0.0)	0
WebQTest-1027	(0.6666666666666666, 0.5, 1.0)	1
WebQTest-1028	(0, 0.0, 0.0)	0
WebQTest-1029	(0, 0.0, 0.0)	0
WebQTest-1030	(0.5, 0.5, 0.5)	1
WebQTest-1031	(0.8421052631578948, 0.7272727272727273, 1.0)	1
WebQTest-1032	(1.0, 1.0, 1.0)	1
WebQTest-1033	(0, 0.0, 0.0)	0
WebQTest-1035	(1.0, 1.0, 1.0)	1
WebQTest-1036	(0.6666666666666666, 0.5, 1.0)	0
WebQTest-1037	(1.0, 1.0, 1.0)	1
WebQTest-1038	(1.0, 1.0, 1.0)	1
WebQTest-1039	(0.5, 0.5, 0.5)	1
WebQTest-1040	(0, 0.0, 0.0)	0
WebQTest-1041	(0, 0.0, 0.0)	0
WebQTest-1042	(0, 0.0, 0.0)	0
WebQTest-1043	(0, 0.0, 0.0)	0
WebQTest-1044	(0, 0.0, 0.0)	0
WebQTest-1045	(0, 0.0, 0.0)	0
WebQTest-1046	(1.0, 1.0, 1.0)	1
WebQTest-1047	(0, 0.0, 0.0)	0
WebQTest-1048	(0, 0.0, 0.0)	0
WebQTest-1050	(0, 0.0, 0.0)	0
WebQTest-1051	(0, 0.0, 0.0)	0
WebQTest-1052	(0, 0.0, 0.0)	0
WebQTest-1054	(0, 0.0, 0.0)	0
WebQTest-1055	(0, 0.0, 0.0)	0
WebQTest-1056	(0, 0.0, 0.0)	0
WebQTest-1057	(1.0, 1.0, 1.0)	1
WebQTest-1059	(0, 0.0, 0.0)	0
WebQTest-1060	(0.6666666666666666, 0.5, 1.0)	1
WebQTest-1061	(0, 0.0, 0.0)	0
WebQTest-1062	(1.0, 1.0, 1.0)	1
WebQTest-1063	(0, 0.0, 0.0)	0
WebQTest-1065	(0.33333333333333337, 1.0, 0.2)	1
WebQTest-1067	(0, 0.0, 0.0)	0
WebQTest-1068	(0.02553191489361702, 1.0, 0.01293103448275862)	1
WebQTest-1069	(1.0, 1.0, 1.0)	1
WebQTest-1070	(0, 0.0, 0.0)	0
WebQTest-1072	(0, 0.0, 0.0)	0
WebQTest-1074	(0, 0.0, 0.0)	0
WebQTest-1075	(0, 0.0, 0.0)	0
WebQTest-1077	(0, 0.0, 0.0)	0
WebQTest-1078	(0, 0.0, 0.0)	0
WebQTest-1079	(1.0, 1.0, 1.0)	1
WebQTest-1080	(0.5, 0.5, 0.5)	1
WebQTest-1081	(0, 0.0, 0.0)	0
WebQTest-1082	(0, 0.0, 0.0)	0
WebQTest-1083	(0, 0.0, 0.0)	0
WebQTest-1084	(0, 0.0, 0.0)	0
WebQTest-1085	(0, 0.0, 0.0)	0
WebQTest-1087	(0, 0.0, 0.0)	0
WebQTest-1088	(0, 0.0, 0.0)	0
WebQTest-1089	(0, 0.0, 0.0)	0
WebQTest-1090	(0, 0.0, 0.0)	0
WebQTest-1091	(0, 0.0, 0.0)	0
WebQTest-1092	(0.25, 0.14285714285714285, 1.0)	1
WebQTest-1094	(1.0, 1.0, 1.0)	1
WebQTest-1095	(0, 0.0, 0.0)	0
WebQTest-1096	(0.03278688524590164, 0.5, 0.01694915254237288)	1
WebQTest-1097	(0, 0.0, 0.0)	0
WebQTest-1098	(0.888888888888889, 1.0, 0.8)	1
WebQTest-1099	(0, 0.0, 0.0)	0
WebQTest-1100	(0.09589041095890412, 1.0, 0.050359712230215826)	1
WebQTest-1101	(0, 0.0, 0.0)	0
WebQTest-1102	(0.4, 0.3333333333333333, 0.5)	1
WebQTest-1103	(0, 0.0, 0.0)	0
WebQTest-1104	(0.6666666666666666, 1.0, 0.5)	1
WebQTest-1106	(0, 0.0, 0.0)	0
WebQTest-1107	(0, 0.0, 0.0)	0
WebQTest-1108	(1.0, 1.0, 1.0)	1
WebQTest-1109	(0, 0.0, 0.0)	0
WebQTest-1110	(1.0, 1.0, 1.0)	1
WebQTest-1111	(0.8000000000000002, 0.8, 0.8)	1
WebQTest-1113	(0, 0.0, 0.0)	0
WebQTest-1114	(0, 0.0, 0.0)	0
WebQTest-1115	(0, 0.0, 0.0)	0
WebQTest-1116	(1.0, 1.0, 1.0)	1
WebQTest-1117	(0, 0.0, 0.0)	0
WebQTest-1118	(0, 0.0, 0.0)	0
WebQTest-1119	(0, 0.0, 0.0)	0
WebQTest-1120	(0, 0.0, 0.0)	0
WebQTest-1121	(0, 0.0, 0.0)	0
WebQTest-1124	(0, 0.0, 0.0)	0
WebQTest-1125	(0, 0.0, 0.0)	0
WebQTest-1126	(1.0, 1.0, 1.0)	1
WebQTest-1127	(0.1, 0.05263157894736842, 1.0)	1
WebQTest-1130	(1.0, 1.0, 1.0)	1
WebQTest-1131	(0, 0.0, 0.0)	0
WebQTest-1132	(0, 0.0, 0.0)	0
WebQTest-1133	(0, 0.0, 0.0)	0
WebQTest-1135	(0.5, 0.5, 0.5)	1
WebQTest-1136	(1.0, 1.0, 1.0)	1
WebQTest-1137	(0.3333333333333333, 0.3333333333333333, 0.3333333333333333)	1
WebQTest-1138	(0.5714285714285715, 0.6666666666666666, 0.5)	1
WebQTest-1142	(0, 0.0, 0.0)	0
WebQTest-1143	(0, 0.0, 0.0)	0
WebQTest-1144	(0, 0.0, 0.0)	0
WebQTest-1145	(0, 0.0, 0.0)	0
WebQTest-1146	(0, 0.0, 0.0)	0
WebQTest-1147	(0.4, 1.0, 0.25)	1
WebQTest-1148	(0, 0.0, 0.0)	0
WebQTest-1149	(0, 0.0, 0.0)	0
WebQTest-1151	(0, 0.0, 0.0)	0
WebQTest-1152	(0, 0.0, 0.0)	0
WebQTest-1153	(0, 0.0, 0.0)	0
WebQTest-1154	(0, 0.0, 0.0)	0
WebQTest-1155	(0.8571428571428571, 0.8571428571428571, 0.8571428571428571)	1
WebQTest-1156	(0, 0.0, 0.0)	0
WebQTest-1160	(1.0, 1.0, 1.0)	1
WebQTest-1161	(0, 0.0, 0.0)	0
WebQTest-1163	(0.4, 0.25, 1.0)	1
WebQTest-1164	(0, 0.0, 0.0)	0
WebQTest-1166	(0, 0.0, 0.0)	0
WebQTest-1168	(0, 0.0, 0.0)	0
WebQTest-1169	(0, 0.0, 0.0)	0
WebQTest-1170	(0, 0.0, 0.0)	0
WebQTest-1171	(0.33333333333333337, 1.0, 0.2)	1
WebQTest-1173	(0.1142857142857143, 0.06060606060606061, 1.0)	1
WebQTest-1174	(0, 0.0, 0.0)	0
WebQTest-1175	(0, 0.0, 0.0)	0
WebQTest-1176	(0, 0.0, 0.0)	0
WebQTest-1177	(0, 0.0, 0.0)	0
WebQTest-1178	(0, 0.0, 0.0)	0
WebQTest-1179	(0, 0.0, 0.0)	0
WebQTest-1180	(0, 0.0, 0.0)	0
WebQTest-1181	(0, 0.0, 0.0)	0
WebQTest-1183	(1.0, 1.0, 1.0)	1
WebQTest-1185	(0, 0.0, 0.0)	0
WebQTest-1186	(0, 0.0, 0.0)	0
WebQTest-1187	(0.019417475728155338, 0.0625, 0.011494252873563218)	1
WebQTest-1189	(0.6666666666666666, 0.5, 1.0)	1
WebQTest-1191	(0, 0.0, 0.0)	0
WebQTest-1192	(0, 0.0, 0.0)	0
WebQTest-1194	(0, 0.0, 0.0)	0
WebQTest-1195	(0, 0.0, 0.0)	0
WebQTest-1197	(0, 0.0, 0.0)	0
WebQTest-1198	(0.339622641509434, 0.20930232558139536, 0.9)	1
WebQTest-1199	(1.0, 1.0, 1.0)	1
WebQTest-1200	(0, 0.0, 0.0)	0
WebQTest-1201	(0, 0.0, 0.0)	0
WebQTest-1203	(0, 0.0, 0.0)	0
WebQTest-1204	(1.0, 1.0, 1.0)	1
WebQTest-1205	(0, 0.0, 0.0)	0
WebQTest-1206	(0, 0.0, 0.0)	0
WebQTest-1209	(0.6666666666666666, 0.5, 1.0)	1
WebQTest-1210	(1.0, 1.0, 1.0)	1
WebQTest-1212	(0, 0.0, 0.0)	0
WebQTest-1213	(0, 0.0, 0.0)	0
WebQTest-1215	(0.923076923076923, 0.8571428571428571, 1.0)	1
WebQTest-1216	(0, 0.0, 0.0)	0
WebQTest-1217	(0, 0.0, 0.0)	0
WebQTest-1219	(0, 0.0, 0.0)	0
WebQTest-1220	(0, 0.0, 0.0)	0
WebQTest-1221	(0, 0.0, 0.0)	0
WebQTest-1223	(0.5, 0.5, 0.5)	1
WebQTest-1225	(0, 0.0, 0.0)	0
WebQTest-1226	(0.8, 1.0, 0.6666666666666666)	1
WebQTest-1227	(0, 0.0, 0.0)	0
WebQTest-1228	(0, 0.0, 0.0)	0
WebQTest-1229	(1.0, 1.0, 1.0)	1
WebQTest-1230	(0.05714285714285714, 0.04, 0.1)	1
WebQTest-1231	(0.5, 0.3333333333333333, 1.0)	1
WebQTest-1232	(0, 0.0, 0.0)	0
WebQTest-1233	(1.0, 1.0, 1.0)	1
WebQTest-1234	(0, 0.0, 0.0)	0
WebQTest-1235	(0, 0.0, 0.0)	0
WebQTest-1237	(0, 0.0, 0.0)	0
WebQTest-1238	(0.6666666666666666, 1.0, 0.5)	1
WebQTest-1239	(0, 0.0, 0.0)	0
WebQTest-1240	(0, 0.0, 0.0)	0
WebQTest-1241	(0, 0.0, 0.0)	0
WebQTest-1242	(0.8571428571428571, 0.8571428571428571, 0.8571428571428571)	1
WebQTest-1244	(0.888888888888889, 1.0, 0.8)	1
WebQTest-1245	(0, 0.0, 0.0)	0
WebQTest-1246	(1.0, 1.0, 1.0)	1
WebQTest-1247	(0.5517241379310345, 0.38095238095238093, 1.0)	1
WebQTest-1248	(0.6666666666666666, 1.0, 0.5)	1
WebQTest-1249	(0, 0.0, 0.0)	0
WebQTest-1250	(0, 0.0, 0.0)	0
WebQTest-1251	(0.8333333333333333, 1.0, 0.7142857142857143)	1
WebQTest-1252	(0, 0.0, 0.0)	0
WebQTest-1254	(0, 0.0, 0.0)	0
WebQTest-1255	(0, 0.0, 0.0)	0
WebQTest-1256	(0, 0.0, 0.0)	0
WebQTest-1257	(0.28571428571428575, 0.25, 0.3333333333333333)	1
WebQTest-1259	(0.05612244897959184, 1.1, 0.028795811518324606)	1
WebQTest-1260	(0, 0.0, 0.0)	0
WebQTest-1261	(1.0, 1.0, 1.0)	1
WebQTest-1262	(0.5714285714285715, 0.4, 1.0)	1
WebQTest-1263	(0, 0.0, 0.0)	0
WebQTest-1264	(0, 0.0, 0.0)	0
WebQTest-1265	(0, 0.0, 0.0)	0
WebQTest-1266	(0.5, 0.3333333333333333, 1.0)	1
WebQTest-1267	(1.0, 1.0, 1.0)	1
WebQTest-1268	(0.4, 0.25, 1.0)	1
WebQTest-1269	(1.0, 1.0, 1.0)	1
WebQTest-1270	(0, 0.0, 0.0)	0
WebQTest-1271	(0, 0.0, 0.0)	0
WebQTest-1272	(0, 0.0, 0.0)	0
WebQTest-1274	(0, 0.0, 0.0)	0
WebQTest-1275	(0.6666666666666666, 0.5, 1.0)	1
WebQTest-1276	(0, 0.0, 0.0)	0
WebQTest-1277	(0.6666666666666665, 0.6, 0.75)	1
WebQTest-1278	(0.05714285714285714, 0.0625, 0.05263157894736842)	1
WebQTest-1279	(0, 0.0, 0.0)	0
WebQTest-1280	(0.6666666666666666, 0.5, 1.0)	1
WebQTest-1281	(0.6666666666666666, 0.5, 1.0)	1
WebQTest-1282	(1.0, 1.0, 1.0)	1
WebQTest-1284	(0, 0.0, 0.0)	0
WebQTest-1285	(0.25, 0.5, 0.16666666666666666)	1
WebQTest-1287	(0, 0.0, 0.0)	0
WebQTest-1289	(0.11111111111111112, 0.05970149253731343, 0.8)	1
WebQTest-1291	(0, 0.0, 0.0)	0
WebQTest-1292	(1.0, 1.0, 1.0)	1
WebQTest-1293	(0, 0.0, 0.0)	0
WebQTest-1294	(0, 0.0, 0.0)	0
WebQTest-1295	(0, 0.0, 0.0)	0
WebQTest-1296	(1.0, 1.0, 1.0)	1
WebQTest-1297	(0.6666666666666666, 1.0, 0.5)	1
WebQTest-1298	(0, 0.0, 0.0)	0
WebQTest-1300	(0.6666666666666666, 0.5, 1.0)	1
WebQTest-1301	(0.23076923076923075, 0.2, 0.2727272727272727)	1
WebQTest-1303	(0.058823529411764705, 0.5, 0.03125)	1
WebQTest-1304	(0, 0.0, 0.0)	0
WebQTest-1305	(0, 0.0, 0.0)	0
WebQTest-1306	(0.7499999999999999, 1.0, 0.6)	1
WebQTest-1307	(0, 0.0, 0.0)	0
WebQTest-1308	(0, 0.0, 0.0)	0
WebQTest-1309	(0, 0.0, 0.0)	0
WebQTest-1310	(0, 0.0, 0.0)	0
WebQTest-1311	(1.0, 1.0, 1.0)	1
WebQTest-1312	(1.0, 1.0, 1.0)	1
WebQTest-1313	(0, 0.0, 0.0)	0
WebQTest-1314	(0, 0.0, 0.0)	0
WebQTest-1316	(0, 0.0, 0.0)	0
WebQTest-1317	(0, 0.0, 0.0)	0
WebQTest-1319	(0, 0.0, 0.0)	0
WebQTest-1320	(1.0, 1.0, 1.0)	1
WebQTest-1321	(1.0, 1.0, 1.0)	1
WebQTest-1322	(0, 0.0, 0.0)	0
WebQTest-1323	(0, 0.0, 0.0)	0
WebQTest-1324	(0, 0.0, 0.0)	0
WebQTest-1325	(0, 0.0, 0.0)	0
WebQTest-1326	(0, 0.0, 0.0)	0
WebQTest-1327	(0.5, 0.3333333333333333, 1.0)	1
WebQTest-1328	(0, 0.0, 0.0)	0
WebQTest-1329	(0, 0.0, 0.0)	0
WebQTest-1330	(0.18181818181818182, 0.1, 1.0)	1
WebQTest-1331	(0, 0.0, 0.0)	0
WebQTest-1332	(0, 0.0, 0.0)	0
WebQTest-1333	(0, 0.0, 0.0)	0
WebQTest-1334	(0, 0.0, 0.0)	0
WebQTest-1335	(0, 0.0, 0.0)	0
WebQTest-1336	(0, 0.0, 0.0)	0
WebQTest-1337	(0, 0.0, 0.0)	0
WebQTest-1339	(0, 0.0, 0.0)	0
WebQTest-1340	(1.0, 1.0, 1.0)	1
WebQTest-1341	(0, 0.0, 0.0)	0
WebQTest-1342	(0.6666666666666666, 0.5, 1.0)	1
WebQTest-1343	(0, 0.0, 0.0)	0
WebQTest-1344	(0.6666666666666666, 0.5, 1.0)	1
WebQTest-1348	(0, 0.0, 0.0)	0
WebQTest-1350	(0, 0.0, 0.0)	0
WebQTest-1351	(1.0, 1.0, 1.0)	1
WebQTest-1353	(1.0, 1.0, 1.0)	1
WebQTest-1354	(1.0, 1.0, 1.0)	1
WebQTest-1355	(0, 0.0, 0.0)	0
WebQTest-1356	(0, 0.0, 0.0)	0
WebQTest-1357	(1.0, 1.0, 1.0)	1
WebQTest-1358	(0.6666666666666666, 0.5, 1.0)	1
WebQTest-1359	(0, 0.0, 0.0)	0
WebQTest-1361	(1.0, 1.0, 1.0)	1
WebQTest-1362	(0, 0.0, 0.0)	0
WebQTest-1363	(0, 0.0, 0.0)	0
WebQTest-1364	(0, 0.0, 0.0)	0
WebQTest-1365	(0.28571428571428575, 0.2, 0.5)	1
WebQTest-1366	(0, 0.0, 0.0)	0
WebQTest-1367	(0.5, 0.3333333333333333, 1.0)	1
WebQTest-1368	(1.0, 1.0, 1.0)	1
WebQTest-1369	(0, 0.0, 0.0)	0
WebQTest-1370	(0, 0.0, 0.0)	0
WebQTest-1373	(0, 0.0, 0.0)	0
WebQTest-1374	(1.0, 1.0, 1.0)	1
WebQTest-1376	(0, 0.0, 0.0)	0
WebQTest-1378	(0, 0.0, 0.0)	0
WebQTest-1379	(0.6, 0.6, 0.6)	1
WebQTest-1380	(0, 0.0, 0.0)	0
WebQTest-1381	(0, 0.0, 0.0)	0
WebQTest-1382	(0.5714285714285715, 1.0, 0.4)	1
WebQTest-1383	(0, 0.0, 0.0)	0
WebQTest-1384	(0, 0.0, 0.0)	0
WebQTest-1385	(0, 0.0, 0.0)	0
WebQTest-1387	(0, 0.0, 0.0)	0
WebQTest-1388	(0, 0.0, 0.0)	0
WebQTest-1389	(0.6666666666666666, 1.0, 0.5)	1
WebQTest-1390	(0, 0.0, 0.0)	0
WebQTest-1392	(0, 0.0, 0.0)	0
WebQTest-1394	(0, 0.0, 0.0)	0
WebQTest-1395	(0, 0.0, 0.0)	0
WebQTest-1396	(0.4, 0.5, 0.3333333333333333)	1
WebQTest-1398	(0, 0.0, 0.0)	0
WebQTest-1399	(0, 0.0, 0.0)	0
WebQTest-1402	(0, 0.0, 0.0)	0
WebQTest-1403	(0, 0.0, 0.0)	0
WebQTest-1405	(0.1111111111111111, 0.3333333333333333, 0.06666666666666667)	1
WebQTest-1408	(0, 0.0, 0.0)	0
WebQTest-1409	(0, 0.0, 0.0)	0
WebQTest-1410	(0, 0.0, 0.0)	0
WebQTest-1414	(0, 0.0, 0.0)	0
WebQTest-1416	(0.6666666666666666, 0.5, 1.0)	1
WebQTest-1417	(0, 0.0, 0.0)	0
WebQTest-1418	(0, 0.0, 0.0)	0
WebQTest-1419	(0.5, 0.4, 0.6666666666666666)	1
WebQTest-1420	(0, 0.0, 0.0)	0
WebQTest-1421	(0, 0.0, 0.0)	0
WebQTest-1422	(0, 0.0, 0.0)	0
WebQTest-1423	(0, 0.0, 0.0)	0
WebQTest-1424	(1.0, 1.0, 1.0)	1
WebQTest-1425	(0, 0.0, 0.0)	0
WebQTest-1426	(0, 0.0, 0.0)	0
WebQTest-1427	(0, 0.0, 0.0)	0
WebQTest-1428	(0, 0.0, 0.0)	0
WebQTest-1429	(1.0, 1.0, 1.0)	1
WebQTest-1432	(0.20425531914893616, 0.96, 0.11428571428571428)	1
WebQTest-1433	(0, 0.0, 0.0)	0
WebQTest-1434	(0.8571428571428572, 1.105263157894737, 0.7)	1
WebQTest-1435	(0, 0.0, 0.0)	0
WebQTest-1436	(0, 0.0, 0.0)	0
WebQTest-1441	(0.3333333333333333, 0.3333333333333333, 0.3333333333333333)	1
WebQTest-1442	(1.0, 1.0, 1.0)	1
WebQTest-1443	(0, 0.0, 0.0)	0
WebQTest-1445	(0, 0.0, 0.0)	0
WebQTest-1446	(0, 0.0, 0.0)	0
WebQTest-1447	(0, 0.0, 0.0)	0
WebQTest-1448	(0, 0.0, 0.0)	0
WebQTest-1449	(0, 0.0, 0.0)	0
WebQTest-1452	(0, 0.0, 0.0)	0
WebQTest-1453	(0.6666666666666666, 0.5, 1.0)	1
WebQTest-1454	(0.6666666666666666, 0.5, 1.0)	1
WebQTest-1455	(1.0, 1.0, 1.0)	1
WebQTest-1456	(0, 0.0, 0.0)	0
WebQTest-1457	(1.0, 1.0, 1.0)	1
WebQTest-1458	(0, 0.0, 0.0)	0
WebQTest-1459	(0.11530815109343936, 3.2222222222222223, 0.058704453441295545)	1
WebQTest-1460	(0, 0.0, 0.0)	0
WebQTest-1461	(0, 0.0, 0.0)	0
WebQTest-1462	(0, 0.0, 0.0)	0
WebQTest-1463	(0, 0.0, 0.0)	0
WebQTest-1464	(0.037735849056603765, 0.25, 0.02040816326530612)	1
WebQTest-1465	(0.5, 1.0, 0.3333333333333333)	1
WebQTest-1467	(0, 0.0, 0.0)	0
WebQTest-1468	(0.5, 0.5, 0.5)	1
WebQTest-1470	(0.6666666666666666, 1.0, 0.5)	1
WebQTest-1471	(0.9777777777777777, 0.9777777777777777, 0.9777777777777777)	1
WebQTest-1472	(0, 0.0, 0.0)	0
WebQTest-1473	(0, 0.0, 0.0)	0
WebQTest-1475	(0, 0.0, 0.0)	0
WebQTest-1477	(0, 0.0, 0.0)	0
WebQTest-1478	(0, 0.0, 0.0)	0
WebQTest-1479	(0.6666666666666666, 0.5, 1.0)	1
WebQTest-1480	(0, 0.0, 0.0)	0
WebQTest-1481	(1.0, 1.0, 1.0)	1
WebQTest-1482	(0, 0.0, 0.0)	0
WebQTest-1483	(0.8571428571428571, 1.0, 0.75)	1
WebQTest-1484	(0.5, 0.5, 0.5)	1
WebQTest-1485	(1.0, 1.0, 1.0)	1
WebQTest-1486	(0, 0.0, 0.0)	0
WebQTest-1487	(0, 0.0, 0.0)	0
WebQTest-1488	(0, 0.0, 0.0)	0
WebQTest-1489	(0, 0.0, 0.0)	0
WebQTest-1490	(0, 0.0, 0.0)	0
WebQTest-1493	(0, 0.0, 0.0)	0
WebQTest-1494	(0, 0.0, 0.0)	0
WebQTest-1495	(0, 0.0, 0.0)	0
WebQTest-1496	(0, 0.0, 0.0)	0
WebQTest-1499	(0, 0.0, 0.0)	0
WebQTest-1500	(0.33333333333333337, 0.2, 1.0)	1
WebQTest-1501	(0, 0.0, 0.0)	0
WebQTest-1502	(0.6666666666666666, 0.5, 1.0)	1
WebQTest-1503	(0, 0.0, 0.0)	0
WebQTest-1504	(0, 0.0, 0.0)	0
WebQTest-1506	(0.6666666666666666, 0.5, 1.0)	1
WebQTest-1507	(0.8571428571428571, 1.0, 0.75)	1
WebQTest-1508	(0, 0.0, 0.0)	0
WebQTest-1510	(0.6666666666666666, 0.5, 1.0)	1
WebQTest-1513	(0, 0.0, 0.0)	0
WebQTest-1515	(0.5, 0.5, 0.5)	1
WebQTest-1516	(0, 0.0, 0.0)	0
WebQTest-1518	(0.6666666666666666, 0.6666666666666666, 0.6666666666666666)	1
WebQTest-1519	(0.6666666666666666, 1.0, 0.5)	1
WebQTest-1520	(0, 0.0, 0.0)	0
WebQTest-1522	(0, 0.0, 0.0)	0
WebQTest-1523	(0, 0.0, 0.0)	0
WebQTest-1524	(0, 0.0, 0.0)	0
WebQTest-1525	(0.046511627906976744, 0.027777777777777776, 0.14285714285714285)	1
WebQTest-1526	(0.22222222222222224, 0.2, 0.25)	1
WebQTest-1527	(1.0, 1.0, 1.0)	1
WebQTest-1528	(0, 0.0, 0.0)	0
WebQTest-1529	(1.0, 1.0, 1.0)	1
WebQTest-1531	(0.25, 0.16666666666666666, 0.5)	1
WebQTest-1533	(0, 0.0, 0.0)	0
WebQTest-1534	(0, 0.0, 0.0)	0
WebQTest-1535	(0, 0.0, 0.0)	0
WebQTest-1536	(0, 0.0, 0.0)	0
WebQTest-1537	(0, 0.0, 0.0)	0
WebQTest-1538	(1.3297297297297297, 5.3478260869565215, 0.7592592592592593)	1
WebQTest-1539	(0, 0.0, 0.0)	0
WebQTest-1540	(0, 0.0, 0.0)	0
WebQTest-1541	(0.08, 0.043478260869565216, 0.5)	1
WebQTest-1542	(0, 0.0, 0.0)	0
WebQTest-1543	(0.6, 0.75, 0.5)	1
WebQTest-1544	(0, 0.0, 0.0)	0
WebQTest-1546	(0, 0.0, 0.0)	0
WebQTest-1547	(0, 0.0, 0.0)	0
WebQTest-1548	(0.6666666666666666, 0.5, 1.0)	1
WebQTest-1550	(0, 0.0, 0.0)	0
WebQTest-1551	(0, 0.0, 0.0)	0
WebQTest-1553	(0, 0.0, 0.0)	0
WebQTest-1554	(0, 0.0, 0.0)	0
WebQTest-1555	(0.5, 0.3333333333333333, 1.0)	1
WebQTest-1556	(1.0, 1.0, 1.0)	1
WebQTest-1557	(0, 0.0, 0.0)	0
WebQTest-1558	(0, 0.0, 0.0)	0
WebQTest-1559	(0.07692307692307691, 0.09090909090909091, 0.06666666666666667)	1
WebQTest-1560	(1.0, 1.0, 1.0)	1
WebQTest-1561	(0, 0.0, 0.0)	0
WebQTest-1562	(0, 0.0, 0.0)	0
WebQTest-1563	(0.13333333333333333, 0.125, 0.14285714285714285)	1
WebQTest-1564	(0, 0.0, 0.0)	0
WebQTest-1565	(0, 0.0, 0.0)	0
WebQTest-1566	(0, 0.0, 0.0)	0
WebQTest-1567	(0, 0.0, 0.0)	0
WebQTest-1568	(1.0, 1.0, 1.0)	1
WebQTest-1569	(1.0, 1.0, 1.0)	1
WebQTest-1570	(0, 0.0, 0.0)	0
WebQTest-1571	(0, 0.0, 0.0)	0
WebQTest-1572	(0, 0.0, 0.0)	0
WebQTest-1573	(0.125, 0.1, 0.16666666666666666)	1
WebQTest-1574	(0, 0.0, 0.0)	0
WebQTest-1575	(0.10666666666666666, 0.06451612903225806, 0.3076923076923077)	1
WebQTest-1577	(0, 0.0, 0.0)	0
WebQTest-1580	(0.5, 1.0, 0.3333333333333333)	1
WebQTest-1582	(0, 0.0, 0.0)	0
WebQTest-1583	(0, 0.0, 0.0)	0
WebQTest-1584	(1.0, 1.0, 1.0)	1
WebQTest-1585	(0, 0.0, 0.0)	0
WebQTest-1586	(0, 0.0, 0.0)	0
WebQTest-1587	(0, 0.0, 0.0)	0
WebQTest-1589	(0.5, 0.3333333333333333, 1.0)	1
WebQTest-1590	(0, 0.0, 0.0)	0
WebQTest-1591	(0.888888888888889, 1.0, 0.8)	1
WebQTest-1592	(0.45454545454545453, 0.8333333333333334, 0.3125)	1
WebQTest-1593	(0, 0.0, 0.0)	0
WebQTest-1595	(0, 0.0, 0.0)	0
WebQTest-1596	(0, 0.0, 0.0)	0
WebQTest-1597	(0, 0.0, 0.0)	0
WebQTest-1598	(0, 0.0, 0.0)	0
WebQTest-1599	(1.0, 1.0, 1.0)	1
WebQTest-1603	(0.6666666666666666, 1.0, 0.5)	1
WebQTest-1604	(0.25806451612903225, 0.16666666666666666, 0.5714285714285714)	1
WebQTest-1607	(0, 0.0, 0.0)	0
WebQTest-1608	(0, 0.0, 0.0)	0
WebQTest-1609	(0.6666666666666666, 0.5, 1.0)	1
WebQTest-1610	(0, 0.0, 0.0)	0
WebQTest-1611	(1.0, 1.0, 1.0)	1
WebQTest-1612	(0, 0.0, 0.0)	0
WebQTest-1613	(0, 0.0, 0.0)	0
WebQTest-1614	(0, 0.0, 0.0)	0
WebQTest-1615	(0, 0.0, 0.0)	0
WebQTest-1616	(0, 0.0, 0.0)	0
WebQTest-1617	(0, 0.0, 0.0)	0
WebQTest-1618	(0, 0.0, 0.0)	0
WebQTest-1619	(0, 0.0, 0.0)	0
WebQTest-1620	(0, 0.0, 0.0)	0
WebQTest-1621	(0, 0.0, 0.0)	0
WebQTest-1622	(1.0, 1.0, 1.0)	1
WebQTest-1623	(0, 0.0, 0.0)	0
WebQTest-1624	(0, 0.0, 0.0)	0
WebQTest-1625	(0, 0.0, 0.0)	0
WebQTest-1626	(1.0, 1.0, 1.0)	1
WebQTest-1627	(0, 0.0, 0.0)	0
WebQTest-1628	(1.0, 1.0, 1.0)	1
WebQTest-1629	(1.0, 1.0, 1.0)	1
WebQTest-1630	(0, 0.0, 0.0)	0
WebQTest-1631	(0, 0.0, 0.0)	0
WebQTest-1632	(0, 0.0, 0.0)	0
WebQTest-1633	(0.6666666666666666, 0.5, 1.0)	1
WebQTest-1634	(0.6666666666666666, 0.5, 1.0)	1
WebQTest-1635	(0, 0.0, 0.0)	0
WebQTest-1637	(0, 0.0, 0.0)	0
WebQTest-1638	(0.8, 1.0, 0.6666666666666666)	1
WebQTest-1639	(0, 0.0, 0.0)	0
WebQTest-1640	(0.26666666666666666, 0.16666666666666666, 0.6666666666666666)	1
WebQTest-1641	(0, 0.0, 0.0)	0
WebQTest-1643	(0.4, 0.5, 0.3333333333333333)	1
WebQTest-1644	(0.6666666666666666, 0.5, 1.0)	1
WebQTest-1646	(0, 0.0, 0.0)	0
WebQTest-1648	(0, 0.0, 0.0)	0
WebQTest-1649	(0, 0.0, 0.0)	0
WebQTest-1650	(0, 0.0, 0.0)	0
WebQTest-1652	(0, 0.0, 0.0)	0
WebQTest-1653	(0, 0.0, 0.0)	0
WebQTest-1654	(0.6666666666666666, 0.5, 1.0)	1
WebQTest-1655	(0, 0.0, 0.0)	0
WebQTest-1656	(0.11111111111111112, 0.125, 0.1)	1
WebQTest-1657	(0, 0.0, 0.0)	0
WebQTest-1658	(0.28571428571428575, 0.5, 0.2)	1
WebQTest-1659	(1.0, 1.0, 1.0)	1
WebQTest-1661	(1.0, 1.0, 1.0)	1
WebQTest-1662	(0.02105263157894737, 0.125, 0.011494252873563218)	1
WebQTest-1663	(0.888888888888889, 1.0, 0.8)	1
WebQTest-1664	(1.0, 1.0, 1.0)	1
WebQTest-1665	(0.5, 0.5, 0.5)	1
WebQTest-1666	(0, 0.0, 0.0)	0
WebQTest-1667	(0, 0.0, 0.0)	0
WebQTest-1668	(0, 0.0, 0.0)	0
WebQTest-1669	(0.6666666666666666, 1.0, 0.5)	1
WebQTest-1670	(1.0, 1.0, 1.0)	1
WebQTest-1671	(0, 0.0, 0.0)	0
WebQTest-1672	(1.0, 1.0, 1.0)	1
WebQTest-1673	(0, 0.0, 0.0)	0
WebQTest-1674	(0, 0.0, 0.0)	0
WebQTest-1675	(0, 0.0, 0.0)	0
WebQTest-1676	(1.0, 1.0, 1.0)	1
WebQTest-1677	(0.6666666666666666, 0.5, 1.0)	1
WebQTest-1678	(0, 0.0, 0.0)	0
WebQTest-1679	(0.5, 1.0, 0.3333333333333333)	1
WebQTest-1680	(0, 0.0, 0.0)	0
WebQTest-1682	(0, 0.0, 0.0)	0
WebQTest-1683	(0, 0.0, 0.0)	0
WebQTest-1684	(0, 0.0, 0.0)	0
WebQTest-1685	(0, 0.0, 0.0)	0
WebQTest-1686	(0, 0.0, 0.0)	0
WebQTest-1687	(0.4117647058823529, 0.6666666666666666, 0.2978723404255319)	1
WebQTest-1688	(1.0, 1.0, 1.0)	1
WebQTest-1690	(0, 0.0, 0.0)	0
WebQTest-1691	(0, 0.0, 0.0)	0
WebQTest-1694	(1.0, 1.0, 1.0)	1
WebQTest-1695	(0, 0.0, 0.0)	0
WebQTest-1696	(0.7499999999999999, 0.6, 1.0)	1
WebQTest-1698	(1.0, 1.0, 1.0)	1
WebQTest-1699	(0.5, 1.0, 0.3333333333333333)	1
WebQTest-1700	(0.5714285714285715, 1.0, 0.4)	1
WebQTest-1701	(0.6666666666666666, 0.5, 1.0)	1
WebQTest-1702	(0, 0.0, 0.0)	0
WebQTest-1705	(0.6666666666666666, 0.5, 1.0)	1
WebQTest-1706	(1.0, 1.0, 1.0)	1
WebQTest-1707	(0, 0.0, 0.0)	0
WebQTest-1708	(1.0, 1.0, 1.0)	1
WebQTest-1710	(1.0, 1.0, 1.0)	1
WebQTest-1711	(1.0, 1.0, 1.0)	1
WebQTest-1712	(0, 0.0, 0.0)	0
WebQTest-1713	(0, 0.0, 0.0)	0
WebQTest-1714	(0.4, 1.0, 0.25)	1
WebQTest-1715	(0, 0.0, 0.0)	0
WebQTest-1716	(1.0, 1.0, 1.0)	1
WebQTest-1719	(0, 0.0, 0.0)	0
WebQTest-1721	(0, 0.0, 0.0)	0
WebQTest-1723	(0.019801980198019802, 0.07142857142857142, 0.011494252873563218)	1
WebQTest-1724	(0, 0.0, 0.0)	0
WebQTest-1725	(0, 0.0, 0.0)	0
WebQTest-1726	(0.4, 0.5, 0.3333333333333333)	1
WebQTest-1727	(0.576923076923077, 0.625, 0.5357142857142857)	1
WebQTest-1728	(1.0, 1.0, 1.0)	1
WebQTest-1729	(0.2857142857142857, 0.16666666666666666, 1.0)	1
WebQTest-1730	(0, 0.0, 0.0)	0
WebQTest-1731	(0, 0.0, 0.0)	0
WebQTest-1732	(0, 0.0, 0.0)	0
WebQTest-1733	(0.6666666666666666, 0.5, 1.0)	1
WebQTest-1734	(0, 0.0, 0.0)	0
WebQTest-1735	(0, 0.0, 0.0)	0
WebQTest-1736	(0.33333333333333337, 0.2, 1.0)	1
WebQTest-1737	(0, 0.0, 0.0)	0
WebQTest-1738	(0, 0.0, 0.0)	0
WebQTest-1739	(0, 0.0, 0.0)	0
WebQTest-1740	(0, 0.0, 0.0)	0
WebQTest-1741	(0, 0.0, 0.0)	0
WebQTest-1742	(0.3333333333333333, 0.3333333333333333, 0.3333333333333333)	1
WebQTest-1744	(0, 0.0, 0.0)	0
WebQTest-1746	(1.0, 1.0, 1.0)	1
WebQTest-1748	(0.8571428571428571, 0.75, 1.0)	1
WebQTest-1750	(0, 0.0, 0.0)	0
WebQTest-1751	(1.0, 1.0, 1.0)	1
WebQTest-1752	(0, 0.0, 0.0)	0
WebQTest-1753	(0.3157894736842105, 0.25, 0.42857142857142855)	1
WebQTest-1754	(0, 0.0, 0.0)	0
WebQTest-1755	(1.0, 1.0, 1.0)	1
WebQTest-1756	(0, 0.0, 0.0)	0
WebQTest-1757	(0.8, 1.0, 0.6666666666666666)	1
WebQTest-1758	(0.22222222222222224, 0.5, 0.14285714285714285)	1
WebQTest-1759	(0.8, 0.6666666666666666, 1.0)	1
WebQTest-1760	(0, 0.0, 0.0)	0
WebQTest-1761	(0, 0.0, 0.0)	0
WebQTest-1763	(0, 0.0, 0.0)	0
WebQTest-1764	(0, 0.0, 0.0)	0
WebQTest-1765	(0.6666666666666666, 0.5, 1.0)	1
WebQTest-1766	(0, 0.0, 0.0)	0
WebQTest-1767	(0, 0.0, 0.0)	0
WebQTest-1768	(0, 0.0, 0.0)	0
WebQTest-1769	(0, 0.0, 0.0)	0
WebQTest-1770	(1.0, 1.0, 1.0)	1
WebQTest-1771	(0, 0.0, 0.0)	0
WebQTest-1772	(0, 0.0, 0.0)	0
WebQTest-1773	(0, 0.0, 0.0)	0
WebQTest-1774	(0, 0.0, 0.0)	0
WebQTest-1775	(0, 0.0, 0.0)	0
WebQTest-1776	(0, 0.0, 0.0)	0
WebQTest-1777	(0, 0.0, 0.0)	0
WebQTest-1779	(0, 0.0, 0.0)	0
WebQTest-1780	(0, 0.0, 0.0)	0
WebQTest-1781	(0.22857142857142856, 0.23529411764705882, 0.2222222222222222)	1
WebQTest-1782	(0, 0.0, 0.0)	0
WebQTest-1784	(0, 0.0, 0.0)	0
WebQTest-1785	(0, 0.0, 0.0)	0
WebQTest-1788	(0, 0.0, 0.0)	0
WebQTest-1789	(0, 0.0, 0.0)	0
WebQTest-1790	(1.0, 1.0, 1.0)	1
WebQTest-1791	(0.6666666666666666, 0.5, 1.0)	1
WebQTest-1792	(0.10526315789473684, 0.0625, 0.3333333333333333)	1
WebQTest-1793	(0, 0.0, 0.0)	0
WebQTest-1794	(0, 0.0, 0.0)	0
WebQTest-1795	(0, 0.0, 0.0)	0
WebQTest-1796	(0, 0.0, 0.0)	0
WebQTest-1797	(0.5714285714285715, 1.0, 0.4)	1
WebQTest-1799	(0, 0.0, 0.0)	0
WebQTest-1800	(0, 0.0, 0.0)	0
WebQTest-1801	(0, 0.0, 0.0)	0
WebQTest-1802	(0, 0.0, 0.0)	0
WebQTest-1803	(0, 0.0, 0.0)	0
WebQTest-1804	(0, 0.0, 0.0)	0
WebQTest-1805	(0, 0.0, 0.0)	0
WebQTest-1806	(1.0, 1.3333333333333333, 0.8)	1
WebQTest-1807	(0, 0.0, 0.0)	0
WebQTest-1808	(0, 0.0, 0.0)	0
WebQTest-1809	(0, 0.0, 0.0)	0
WebQTest-1810	(1.0, 1.0, 1.0)	1
WebQTest-1811	(0, 0.0, 0.0)	0
WebQTest-1812	(0, 0.0, 0.0)	0
WebQTest-1813	(0, 0.0, 0.0)	0
WebQTest-1815	(0, 0.0, 0.0)	0
WebQTest-1817	(0, 0.0, 0.0)	0
WebQTest-1818	(0.6666666666666666, 0.5, 1.0)	1
WebQTest-1819	(0, 0.0, 0.0)	0
WebQTest-1821	(0, 0.0, 0.0)	0
WebQTest-1822	(0.2857142857142857, 1.0, 0.16666666666666666)	1
WebQTest-1823	(1.0, 1.0, 1.0)	1
WebQTest-1824	(1.0, 1.0, 1.0)	1
WebQTest-1825	(1.0, 1.0, 1.0)	1
WebQTest-1826	(0, 0.0, 0.0)	0
WebQTest-1827	(0.17391304347826084, 1.0, 0.09523809523809523)	1
WebQTest-1828	(0.6666666666666666, 1.0, 0.5)	1
WebQTest-1829	(0, 0.0, 0.0)	0
WebQTest-1830	(0, 0.0, 0.0)	0
WebQTest-1833	(1.0, 1.0, 1.0)	1
WebQTest-1835	(0, 0.0, 0.0)	0
WebQTest-1836	(0, 0.0, 0.0)	0
WebQTest-1838	(0, 0.0, 0.0)	0
WebQTest-1839	(0, 0.0, 0.0)	0
WebQTest-1840	(0, 0.0, 0.0)	0
WebQTest-1842	(1.0, 1.0, 1.0)	1
WebQTest-1843	(0, 0.0, 0.0)	0
WebQTest-1844	(0, 0.0, 0.0)	0
WebQTest-1845	(0, 0.0, 0.0)	0
WebQTest-1847	(1.0, 1.0, 1.0)	1
WebQTest-1848	(0.6666666666666666, 1.0, 0.5)	1
WebQTest-1849	(0, 0.0, 0.0)	0
WebQTest-1850	(0, 0.0, 0.0)	0
WebQTest-1851	(0.42857142857142855, 0.2727272727272727, 1.0)	1
WebQTest-1853	(1.0, 1.0, 1.0)	1
WebQTest-1854	(0, 0.0, 0.0)	0
WebQTest-1855	(0, 0.0, 0.0)	0
WebQTest-1857	(0, 0.0, 0.0)	0
WebQTest-1858	(0, 0.0, 0.0)	0
WebQTest-1860	(0.2, 0.16666666666666666, 0.25)	1
WebQTest-1861	(1.0, 1.0, 1.0)	1
WebQTest-1864	(0.6666666666666666, 0.5, 1.0)	1
WebQTest-1865	(0.8, 1.0, 0.6666666666666666)	1
WebQTest-1866	(0.6666666666666666, 0.5, 1.0)	1
WebQTest-1868	(0, 0.0, 0.0)	0
WebQTest-1870	(0, 0.0, 0.0)	0
WebQTest-1871	(0, 0.0, 0.0)	0
WebQTest-1873	(0.2857142857142857, 0.16666666666666666, 1.0)	1
WebQTest-1874	(0, 0.0, 0.0)	0
WebQTest-1875	(0, 0.0, 0.0)	0
WebQTest-1876	(1.0, 1.0, 1.0)	1
WebQTest-1877	(0, 0.0, 0.0)	0
WebQTest-1878	(0, 0.0, 0.0)	0
WebQTest-1879	(0.5, 0.5, 0.5)	1
WebQTest-1880	(0, 0.0, 0.0)	0
WebQTest-1881	(0, 0.0, 0.0)	0
WebQTest-1882	(0, 0.0, 0.0)	0
WebQTest-1883	(0, 0.0, 0.0)	0
WebQTest-1884	(0, 0.0, 0.0)	0
WebQTest-1885	(0.4, 0.25, 1.0)	1
WebQTest-1886	(0.36363636363636365, 0.2857142857142857, 0.5)	1
WebQTest-1887	(1.0, 1.0, 1.0)	1
WebQTest-1888	(0, 0.0, 0.0)	0
WebQTest-1889	(0, 0.0, 0.0)	0
WebQTest-1890	(0.04753521126760564, 1.0384615384615385, 0.024324324324324326)	1
WebQTest-1891	(1.0, 1.0, 1.0)	1
WebQTest-1892	(0, 0.0, 0.0)	0
WebQTest-1893	(1.0, 1.0, 1.0)	1
WebQTest-1894	(0, 0.0, 0.0)	0
WebQTest-1895	(0, 0.0, 0.0)	0
WebQTest-1896	(0, 0.0, 0.0)	0
WebQTest-1897	(0, 0.0, 0.0)	0
WebQTest-1898	(0.3, 0.6, 0.2)	1
WebQTest-1899	(0, 0.0, 0.0)	0
WebQTest-1900	(0, 0.0, 0.0)	0
WebQTest-1901	(0, 0.0, 0.0)	0
WebQTest-1902	(0, 0.0, 0.0)	0
WebQTest-1904	(0, 0.0, 0.0)	0
WebQTest-1905	(0.4, 0.5, 0.3333333333333333)	1
WebQTest-1907	(1.0, 1.0, 1.0)	1
WebQTest-1909	(0, 0.0, 0.0)	0
WebQTest-1910	(0.5, 0.3333333333333333, 1.0)	1
WebQTest-1911	(0, 0.0, 0.0)	0
WebQTest-1912	(0, 0.0, 0.0)	0
WebQTest-1913	(0, 0.0, 0.0)	0
WebQTest-1914	(0, 0.0, 0.0)	0
WebQTest-1915	(0, 0.0, 0.0)	0
WebQTest-1916	(0.6666666666666666, 0.5, 1.0)	1
WebQTest-1917	(0, 0.0, 0.0)	0
WebQTest-1919	(0, 0.0, 0.0)	0
WebQTest-1920	(0.888888888888889, 1.0, 0.8)	1
WebQTest-1921	(0.923076923076923, 1.0, 0.8571428571428571)	1
WebQTest-1922	(0.28571428571428575, 0.5, 0.2)	1
WebQTest-1923	(0.1111111111111111, 1.0, 0.058823529411764705)	1
WebQTest-1925	(0, 0.0, 0.0)	0
WebQTest-1926	(0, 0.0, 0.0)	0
WebQTest-1928	(0, 0.0, 0.0)	0
WebQTest-1929	(0.19444444444444445, 0.17073170731707318, 0.22580645161290322)	1
WebQTest-1932	(0, 0.0, 0.0)	0
WebQTest-1933	(0, 0.0, 0.0)	0
WebQTest-1934	(0.6666666666666666, 0.5, 1.0)	1
WebQTest-1935	(0, 0.0, 0.0)	0
WebQTest-1936	(0.19999999999999998, 0.1111111111111111, 1.0)	1
WebQTest-1937	(0.4, 0.25, 1.0)	1
WebQTest-1938	(0, 0.0, 0.0)	0
WebQTest-1939	(0.5, 1.0, 0.3333333333333333)	1
WebQTest-1940	(0, 0.0, 0.0)	0
WebQTest-1941	(1.0, 1.0, 1.0)	1
WebQTest-1942	(0, 0.0, 0.0)	0
WebQTest-1943	(1.0, 1.0, 1.0)	1
WebQTest-1944	(0, 0.0, 0.0)	0
WebQTest-1946	(1.3333333333333333, 2.0, 1.0)	1
WebQTest-1947	(1.0, 1.0, 1.0)	1
WebQTest-1950	(0, 0.0, 0.0)	0
WebQTest-1952	(0.6666666666666666, 0.5, 1.0)	1
WebQTest-1954	(0, 0.0, 0.0)	0
WebQTest-1955	(0, 0.0, 0.0)	0
WebQTest-1956	(0.15384615384615385, 0.08333333333333333, 1.0)	1
WebQTest-1957	(0, 0.0, 0.0)	0
WebQTest-1958	(0, 0.0, 0.0)	0
WebQTest-1960	(0, 0.0, 0.0)	0
WebQTest-1961	(0, 0.0, 0.0)	0
WebQTest-1962	(0, 0.0, 0.0)	0
WebQTest-1963	(1.0, 1.0, 1.0)	1
WebQTest-1964	(0, 0.0, 0.0)	0
WebQTest-1965	(0, 0.0, 0.0)	0
WebQTest-1966	(0.041666666666666664, 1.5, 0.02112676056338028)	1
WebQTest-1967	(1.0, 1.0, 1.0)	1
WebQTest-1968	(1.0, 1.0, 1.0)	1
WebQTest-1969	(0, 0.0, 0.0)	0
WebQTest-1971	(0.23076923076923078, 1.0, 0.13043478260869565)	1
WebQTest-1972	(0, 0.0, 0.0)	0
WebQTest-1975	(0, 0.0, 0.0)	0
WebQTest-1976	(0, 0.0, 0.0)	0
WebQTest-1977	(0, 0.0, 0.0)	0
WebQTest-1978	(1.0, 1.0, 1.0)	1
WebQTest-1979	(0, 0.0, 0.0)	0
WebQTest-1981	(0.6666666666666666, 0.5, 1.0)	1
WebQTest-1982	(0.4, 0.25, 1.0)	1
WebQTest-1985	(0, 0.0, 0.0)	0
WebQTest-1986	(0, 0.0, 0.0)	0
WebQTest-1987	(0, 0.0, 0.0)	0
WebQTest-1988	(0.5, 0.5, 0.5)	1
WebQTest-1990	(0, 0.0, 0.0)	0
WebQTest-1991	(0, 0.0, 0.0)	0
WebQTest-1992	(0, 0.0, 0.0)	0
WebQTest-1993	(0, 0.0, 0.0)	0
WebQTest-1994	(0, 0.0, 0.0)	0
WebQTest-1996	(0, 0.0, 0.0)	0
WebQTest-1997	(0, 0.0, 0.0)	0
WebQTest-1998	(0, 0.0, 0.0)	0
WebQTest-1999	(0, 0.0, 0.0)	0
WebQTest-2000	(0, 0.0, 0.0)	0
WebQTest-2001	(0, 0.0, 0.0)	0
WebQTest-2002	(0.8, 1.0, 0.6666666666666666)	1
WebQTest-2003	(0, 0.0, 0.0)	0
WebQTest-2004	(1.0, 1.0, 1.0)	1
WebQTest-2005	(0, 0.0, 0.0)	0
WebQTest-2006	(0, 0.0, 0.0)	0
WebQTest-2007	(0, 0.0, 0.0)	0
WebQTest-2008	(0.6984126984126985, 0.6285714285714286, 0.7857142857142857)	1
WebQTest-2009	(0, 0.0, 0.0)	0
WebQTest-2010	(0, 0.0, 0.0)	0
WebQTest-2011	(1.0, 1.0, 1.0)	1
WebQTest-2012	(0, 0.0, 0.0)	0
WebQTest-2013	(0, 0.0, 0.0)	0
WebQTest-2014	(0, 0.0, 0.0)	0
WebQTest-2015	(1.0, 1.0, 1.0)	1
WebQTest-2016	(0, 0.0, 0.0)	0
WebQTest-2017	(0.8, 2.0, 0.5)	1
WebQTest-2018	(1.0, 1.0, 1.0)	1
WebQTest-2019	(0, 0.0, 0.0)	0
WebQTest-2020	(1.0, 1.0, 1.0)	1
WebQTest-2021	(0, 0.0, 0.0)	0
WebQTest-2022	(1.0, 1.0, 1.0)	1
WebQTest-2023	(0.5, 0.3333333333333333, 1.0)	1
WebQTest-2024	(1.0, 1.0, 1.0)	1
WebQTest-2025	(0, 0.0, 0.0)	0
WebQTest-2027	(0, 0.0, 0.0)	0
WebQTest-2028	(0, 0.0, 0.0)	0
WebQTest-2029	(1.0, 1.0, 1.0)	1
WebQTest-2030	(0, 0.0, 0.0)	0
WebQTest-2031	(0.6666666666666666, 0.5, 1.0)	1
